FOUND BICS:#61
 I=[0,0,0,0,0] (5,44) Y=[exercise_induced_angina,oldpeak_ST,slope_ST,major_vessels,thal] X=[12,23,25,32,37,38,39,41,45,51,57,62,69,72,77,86,88,91,102,111,112,113,114,132,141,150,152,155,157,162,166,174,179,214,216,219,232,236,238,239,241,251,258,260] pvalue=1.2861428912729339E-15 Lifts=[1.595454545454545, 0.2556818181818182]
 I=[0,0,0,0] (4,57) Y=[exercise_induced_angina,oldpeak_ST,slope_ST,thal] X=[12,14,23,25,29,32,37,38,39,41,45,47,51,53,55,57,62,67,69,72,77,86,88,91,102,111,112,113,114,125,132,136,141,146,150,152,155,157,162,166,174,179,184,194,206,214,216,219,232,236,238,239,241,251,252,258,260] pvalue=7.682745404879455E-15 Lifts=[1.5157894736842106, 0.3552631578947369]
 I=[0,0,0,0,0] (5,48) Y=[fasting_blood_sugar,exercise_induced_angina,oldpeak_ST,slope_ST,thal] X=[12,14,23,25,32,37,38,39,41,47,53,55,62,69,72,77,88,91,102,111,112,114,125,132,136,141,146,150,152,155,157,162,166,174,179,206,214,216,219,232,236,238,239,241,251,252,258,260] pvalue=1.8746404607396264E-12 Lifts=[1.4999999999999998, 0.375]
 I=[0,0,0,0] (4,48) Y=[oldpeak_ST,slope_ST,major_vessels,thal] X=[12,23,25,32,37,38,39,41,45,51,57,62,66,69,72,77,86,88,90,91,102,111,112,113,114,132,141,149,150,152,155,157,162,165,166,174,179,214,216,219,232,236,238,239,241,251,258,260] pvalue=6.9521881231681954E-12 Lifts=[1.6125, 0.234375]
 I=[0,0,0,0,0] (5,43) Y=[fasting_blood_sugar,oldpeak_ST,slope_ST,major_vessels,thal] X=[12,23,25,32,37,38,39,41,62,66,69,72,77,88,90,91,102,111,112,114,132,141,149,150,152,155,157,162,165,166,174,179,214,216,219,232,236,238,239,241,251,258,260] pvalue=1.8327122577036396E-11 Lifts=[1.5906976744186045, 0.2616279069767442]
 I=[0,0,0,0] (4,51) Y=[exercise_induced_angina,oldpeak_ST,slope_ST,major_vessels] X=[12,23,25,32,37,38,39,40,41,43,45,51,57,62,69,72,77,86,88,91,98,102,111,112,113,114,132,141,150,152,155,157,162,164,166,174,179,182,192,214,216,219,232,236,238,239,241,251,258,260,266] pvalue=9.289799891685986E-11 Lifts=[1.5529411764705883, 0.3088235294117647]
 I=[0,0,0,0,0] (5,45) Y=[fasting_blood_sugar,exercise_induced_angina,oldpeak_ST,slope_ST,major_vessels] X=[12,23,25,32,37,38,39,40,41,62,69,72,77,88,91,98,102,111,112,114,132,141,150,152,155,157,162,164,166,174,179,182,192,214,216,219,232,236,238,239,241,251,258,260,266] pvalue=4.178508960556559E-10 Lifts=[1.5200000000000002, 0.35000000000000003]
 I=[0,0,0,0] (4,55) Y=[fasting_blood_sugar,oldpeak_ST,slope_ST,thal] X=[4,12,14,23,25,32,37,38,39,41,47,53,55,62,66,69,72,77,88,90,91,102,111,112,114,125,131,132,136,141,146,149,150,152,155,157,162,165,166,174,179,199,206,214,216,219,232,236,238,239,241,251,252,258,260] pvalue=1.0528004947780103E-9 Lifts=[1.4727272727272727, 0.4090909090909091]
 I=[3,0,1,1] (4,43) Y=[chest_pain_type,fasting_blood_sugar,exercise_induced_angina,slope_ST] X=[3,7,16,20,26,34,50,56,58,61,65,70,75,76,81,84,92,93,95,110,121,122,126,130,145,147,161,163,168,172,176,181,186,202,204,213,220,230,237,249,257,261,269] pvalue=2.567643900364959E-9 Lifts=[0.2093023255813953, 1.988372093023256]
 I=[0,0,0,0] (4,61) Y=[exercise_induced_angina,slope_ST,major_vessels,thal] X=[12,23,25,27,32,37,38,39,41,45,51,57,62,63,69,72,77,79,86,88,91,99,102,111,112,113,114,123,132,138,141,150,152,154,155,157,162,166,174,179,190,214,215,216,219,222,224,228,232,236,238,239,241,247,251,253,254,258,259,260,263] pvalue=7.261969069653624E-9 Lifts=[1.6524590163934425, 0.18442622950819673]
 I=[0,0,0,0,0] (5,54) Y=[fasting_blood_sugar,exercise_induced_angina,slope_ST,major_vessels,thal] X=[12,23,25,27,32,37,38,39,41,62,63,69,72,77,79,88,91,99,102,111,112,114,123,132,138,141,150,152,154,155,157,162,166,174,179,190,214,215,216,219,222,224,232,236,238,239,241,247,251,253,258,259,260,263] pvalue=1.6471443304315222E-8 Lifts=[1.6333333333333333, 0.20833333333333331]
 I=[0,0,0,0,0] (5,45) Y=[fasting_blood_sugar,exercise_induced_angina,oldpeak_ST,major_vessels,thal] X=[12,21,23,25,32,37,38,39,41,62,69,72,77,78,88,91,102,109,111,112,114,115,127,132,141,150,152,155,157,162,166,174,179,212,214,216,219,232,236,238,239,241,251,258,260] pvalue=4.9522664288542056E-8 Lifts=[1.6, 0.25]
 I=[0,0,0,0] (4,50) Y=[exercise_induced_angina,oldpeak_ST,major_vessels,thal] X=[12,21,23,25,32,37,38,39,41,45,51,57,62,69,72,77,78,86,88,91,102,109,111,112,113,114,115,127,132,141,150,152,155,157,162,166,174,179,212,214,216,219,232,236,238,239,241,251,258,260] pvalue=4.981305924952585E-8 Lifts=[1.6199999999999999, 0.22500000000000003]
 I=[0,0,0,0] (4,45) Y=[sex,exercise_induced_angina,major_vessels,thal] X=[15,25,27,32,41,54,57,63,73,77,78,88,91,99,100,102,109,112,113,115,118,123,127,138,151,152,154,155,166,173,183,188,195,196,197,212,215,216,224,228,236,242,247,260,267] pvalue=5.140705317909598E-8 Lifts=[1.7200000000000002, 0.1]
 I=[0,0,0,0] (4,57) Y=[fasting_blood_sugar,exercise_induced_angina,oldpeak_ST,slope_ST] X=[12,14,23,25,32,37,38,39,40,41,47,53,55,62,69,72,77,88,91,97,98,102,111,112,114,125,132,136,141,144,146,150,152,155,157,162,164,166,174,179,182,192,201,206,214,216,219,232,236,238,239,241,251,252,258,260,266] pvalue=7.346056944825167E-8 Lifts=[1.3894736842105264, 0.5131578947368421]
 I=[0,0,0,0] (4,52) Y=[fasting_blood_sugar,oldpeak_ST,slope_ST,major_vessels] X=[11,12,23,25,32,37,38,39,40,41,62,66,69,72,77,88,90,91,98,102,111,112,114,132,139,141,149,150,152,155,157,162,164,165,166,174,179,182,192,193,214,216,219,232,236,238,239,241,251,258,260,266] pvalue=1.087501441436903E-7 Lifts=[1.5230769230769232, 0.34615384615384615]
 I=[0,0,0,0] (4,51) Y=[sex,fasting_blood_sugar,major_vessels,thal] X=[15,25,26,27,32,41,54,58,63,71,73,77,78,88,91,99,100,102,109,110,112,115,118,123,127,135,138,149,151,152,154,155,161,165,166,168,173,183,188,195,196,197,212,215,216,224,236,242,247,260,267] pvalue=2.442645688693273E-7 Lifts=[1.6235294117647057, 0.22058823529411767]
 I=[0,0,0,0] (4,55) Y=[sex,fasting_blood_sugar,exercise_induced_angina,thal] X=[14,15,25,27,32,41,53,54,55,63,68,73,74,77,78,88,91,99,100,102,109,112,115,118,123,125,127,136,138,151,152,153,154,155,166,173,183,188,195,196,197,198,206,212,215,216,224,236,242,243,244,247,255,260,267] pvalue=3.7480750922073104E-7 Lifts=[1.701818181818182, 0.12272727272727274]
 I=[1,3,0,1] (4,50) Y=[sex,chest_pain_type,fasting_blood_sugar,exercise_induced_angina] X=[3,7,11,16,20,33,34,36,50,56,65,66,70,75,76,81,82,84,92,93,95,108,121,122,126,131,133,139,145,147,156,163,172,176,186,191,193,199,202,203,204,213,220,233,237,245,249,257,261,269] pvalue=4.743090016342648E-7 Lifts=[0.216, 1.9800000000000004]
 I=[0,0,0,0,0] (5,43) Y=[fasting_blood_sugar,electrocardiographic_result,exercise_induced_angina,slope_ST,thal] X=[23,25,32,38,41,53,55,62,63,69,74,77,79,88,99,102,111,114,125,128,132,136,138,146,150,155,162,179,185,190,198,206,219,222,224,239,247,253,255,258,259,260,263] pvalue=1.0791588211030094E-6 Lifts=[1.6744186046511624, 0.15697674418604654]
 I=[0,0,0,0] (4,48) Y=[electrocardiographic_result,exercise_induced_angina,slope_ST,thal] X=[23,25,32,38,41,51,53,55,57,62,63,69,74,77,79,88,99,102,111,113,114,125,128,132,136,138,146,150,155,162,179,185,190,194,198,206,219,222,224,239,247,253,254,255,258,259,260,263] pvalue=1.0810239432941625E-6 Lifts=[1.6874999999999998, 0.140625]
 I=[0,0,0,0] (4,44) Y=[age,fasting_blood_sugar,major_vessels,thal] X=[12,21,22,23,25,26,32,38,39,42,54,62,69,76,77,78,83,88,100,109,111,114,132,135,138,149,150,155,157,168,174,177,183,209,212,214,215,219,224,232,238,241,251,259] pvalue=1.160113330974875E-6 Lifts=[1.7181818181818178, 0.10227272727272728]
 I=[0,0,0,0] (4,71) Y=[fasting_blood_sugar,exercise_induced_angina,slope_ST,thal] X=[12,14,23,25,27,32,37,38,39,41,46,47,53,55,62,63,69,72,74,77,79,85,88,91,99,102,111,112,114,123,125,128,132,136,138,141,146,150,152,154,155,157,162,166,174,179,185,190,198,206,214,215,216,219,222,224,232,236,238,239,241,244,247,251,252,253,255,258,259,260,263] pvalue=1.7021933564837545E-6 Lifts=[1.5718309859154929, 0.2852112676056338]
 I=[0,0,0,0] (4,82) Y=[fasting_blood_sugar,exercise_induced_angina,major_vessels,thal] X=[12,15,21,22,23,25,27,32,37,38,39,41,54,62,63,69,72,73,77,78,79,83,88,91,96,99,100,101,102,109,111,112,114,115,118,123,127,132,138,141,150,151,152,154,155,157,162,166,173,174,177,179,183,188,190,195,196,197,209,212,214,215,216,219,222,224,232,236,238,239,241,242,247,248,251,253,258,259,260,262,263,267] pvalue=2.8432347220045783E-6 Lifts=[1.6024390243902438, 0.24695121951219515]
 I=[1,0,0,0] (4,44) Y=[sex,exercise_induced_angina,oldpeak_ST,slope_ST] X=[12,23,37,38,39,40,43,45,47,51,60,62,69,72,86,97,111,114,132,141,144,146,150,157,162,164,174,179,182,184,187,192,194,201,214,219,232,238,239,241,251,252,258,266] pvalue=5.462915101510332E-6 Lifts=[1.3499999999999996, 0.5625000000000001]
 I=[1,3,0,2] (4,52) Y=[sex,chest_pain_type,fasting_blood_sugar,thal] X=[3,5,7,8,10,11,16,20,33,34,36,40,70,75,80,81,82,89,92,94,97,104,105,108,116,122,126,139,145,147,156,163,164,176,182,191,193,201,202,203,204,213,220,221,231,233,237,245,249,250,257,261] pvalue=8.70649339649399E-6 Lifts=[0.2076923076923077, 1.9903846153846152]
 I=[0,0,0,0] (4,47) Y=[age,fasting_blood_sugar,exercise_induced_angina,major_vessels] X=[12,21,22,23,25,32,38,39,40,54,62,69,77,78,83,88,100,105,109,111,114,116,132,138,150,155,157,164,174,177,182,183,209,212,214,215,219,224,225,231,232,238,241,251,259,264,266] pvalue=9.761646679804641E-6 Lifts=[1.4936170212765956, 0.3829787234042554]
 I=[0,0,0,0] (4,52) Y=[fasting_blood_sugar,oldpeak_ST,major_vessels,thal] X=[12,21,23,25,26,32,37,38,39,41,58,62,66,69,72,77,78,88,90,91,102,109,111,112,114,115,127,132,141,149,150,152,155,157,162,165,166,168,174,179,212,214,216,219,232,236,238,239,241,251,258,260] pvalue=1.1631319920471419E-5 Lifts=[1.5923076923076922, 0.25961538461538464]
 I=[0,0,0,0] (4,44) Y=[age,fasting_blood_sugar,exercise_induced_angina,thal] X=[12,21,22,23,25,32,38,39,47,54,55,62,68,69,77,78,83,85,88,100,109,111,114,132,138,150,155,157,174,177,183,185,209,212,214,215,219,224,232,238,241,251,252,259] pvalue=2.6839838696260033E-5 Lifts=[1.636363636363636, 0.20454545454545456]
 I=[0,0,0,0,0] (5,45) Y=[fasting_blood_sugar,electrocardiographic_result,exercise_induced_angina,major_vessels,thal] X=[15,22,23,25,32,38,41,62,63,69,77,78,79,88,99,100,101,102,109,111,114,115,118,132,138,150,151,155,162,177,179,190,197,209,212,219,222,224,239,247,253,258,259,260,263] pvalue=4.0526144280838604E-5 Lifts=[1.6400000000000001, 0.2]
 I=[0,0,0,0] (4,45) Y=[electrocardiographic_result,exercise_induced_angina,slope_ST,major_vessels] X=[2,5,23,25,32,38,40,41,43,51,57,62,63,69,77,79,88,98,99,102,111,113,114,132,138,150,155,162,164,179,190,192,219,222,224,239,247,253,254,258,259,260,263,265,266] pvalue=4.462379235858579E-5 Lifts=[1.6400000000000001, 0.2]
 I=[0,0,0,0] (4,60) Y=[fasting_blood_sugar,slope_ST,major_vessels,thal] X=[12,23,25,27,32,37,38,39,41,42,62,63,66,69,71,72,77,79,88,90,91,99,102,111,112,114,123,132,138,141,149,150,152,154,155,157,162,165,166,174,179,190,214,215,216,219,222,224,232,236,238,239,241,247,251,253,258,259,260,263] pvalue=4.880738916404465E-5 Lifts=[1.65, 0.1875]
 I=[0,0,0,0] (4,54) Y=[fasting_blood_sugar,exercise_induced_angina,oldpeak_ST,thal] X=[12,14,21,23,25,32,37,38,39,41,47,53,55,62,69,72,77,78,88,91,102,109,111,112,114,115,125,127,132,136,141,146,150,152,155,157,162,166,174,179,206,212,214,216,219,232,236,238,239,241,251,252,258,260] pvalue=8.374000512097226E-5 Lifts=[1.5333333333333332, 0.3333333333333333]
 I=[0,0,0,0] (4,49) Y=[electrocardiographic_result,exercise_induced_angina,major_vessels,thal] X=[15,22,23,25,32,38,41,51,57,62,63,69,77,78,79,88,99,100,101,102,109,111,113,114,115,118,132,138,150,151,155,162,177,179,190,197,209,212,219,222,224,239,247,253,254,258,259,260,263] pvalue=1.2391271692358726E-4 Lifts=[1.6530612244897955, 0.1836734693877551]
 I=[1,0,1,2] (4,46) Y=[sex,fasting_blood_sugar,slope_ST,thal] X=[3,7,8,10,16,20,28,30,34,59,70,75,80,81,89,92,104,105,120,122,126,142,145,147,158,160,163,171,176,189,202,204,207,208,210,213,218,220,221,231,234,237,249,250,257,261] pvalue=1.4560321510292496E-4 Lifts=[0.23478260869565218, 1.9565217391304348]
 I=[0,0,0,0] (4,54) Y=[fasting_blood_sugar,exercise_induced_angina,oldpeak_ST,major_vessels] X=[12,21,23,25,32,37,38,39,40,41,62,69,72,77,78,88,91,98,102,109,111,112,114,115,127,132,141,150,152,155,157,162,164,166,174,179,182,192,210,212,214,216,219,225,229,232,236,238,239,241,251,258,260,266] pvalue=3.119934807481733E-4 Lifts=[1.5333333333333332, 0.3333333333333333]
 I=[0,0,0,0] (4,65) Y=[fasting_blood_sugar,exercise_induced_angina,slope_ST,major_vessels] X=[2,5,12,23,25,27,31,32,37,38,39,40,41,62,63,69,72,77,79,88,91,98,99,102,111,112,114,116,123,132,134,138,141,150,152,154,155,157,162,164,166,174,179,182,190,192,214,215,216,219,222,224,232,236,238,239,241,247,251,253,258,259,260,263,266] pvalue=3.7653661192431646E-4 Lifts=[1.5507692307692307, 0.3115384615384616]
 I=[0,0,0,0] (4,47) Y=[fasting_blood_sugar,electrocardiographic_result,slope_ST,thal] X=[23,25,32,38,41,42,53,55,62,63,69,71,74,77,79,88,90,99,102,111,114,125,128,132,136,138,146,150,155,162,165,179,185,190,198,206,219,222,224,239,247,253,255,258,259,260,263] pvalue=8.81170608846354E-4 Lifts=[1.6851063829787234, 0.14361702127659576]
 I=[0,0,0,0] (4,53) Y=[fasting_blood_sugar,electrocardiographic_result,exercise_induced_angina,slope_ST] X=[2,5,23,25,32,38,40,41,53,55,62,63,69,74,77,79,88,94,97,98,99,102,111,114,125,128,132,136,138,146,150,155,162,164,179,185,190,192,198,200,206,219,222,224,239,247,253,255,258,259,260,263,266] pvalue=0.0014828754391990981 Lifts=[1.562264150943396, 0.2971698113207547]
 I=[0,0,0,0] (4,59) Y=[fasting_blood_sugar,electrocardiographic_result,exercise_induced_angina,thal] X=[13,15,22,23,25,32,38,41,53,55,62,63,68,69,74,77,78,79,88,99,100,101,102,109,111,114,115,118,125,128,132,136,138,146,150,151,153,155,162,177,179,185,190,197,198,206,209,212,219,222,224,239,247,253,255,258,259,260,263] pvalue=0.0025937006694557924 Lifts=[1.6169491525423727, 0.22881355932203393]
 I=[0,0,0,0] (4,44) Y=[sex,fasting_blood_sugar,exercise_induced_angina,major_vessels] X=[1,15,25,27,32,41,54,63,73,77,78,88,91,98,99,100,102,109,112,115,118,123,127,138,151,152,154,155,166,173,183,188,195,196,197,212,215,216,224,236,242,247,260,267] pvalue=0.002701802079968126 Lifts=[1.7181818181818178, 0.10227272727272728]
 I=[1,3,0,1] (4,49) Y=[sex,chest_pain_type,fasting_blood_sugar,slope_ST] X=[0,3,7,8,10,16,20,22,34,50,56,65,70,75,76,80,81,84,89,92,93,95,96,101,104,105,121,122,126,140,145,147,163,172,176,186,202,204,213,220,221,231,237,249,250,257,261,268,269] pvalue=0.002746585822435599 Lifts=[0.2571428571428571, 1.9285714285714286]
 I=[0,0,0,0] (4,46) Y=[fasting_blood_sugar,electrocardiographic_result,slope_ST,major_vessels] X=[2,5,19,23,25,32,38,40,41,42,62,63,69,71,77,79,88,90,98,99,102,111,114,132,138,139,150,155,162,164,165,179,190,192,203,219,222,224,239,247,253,258,259,260,263,266] pvalue=0.00421706969451562 Lifts=[1.6043478260869566, 0.24456521739130435]
 I=[0,0,0,0] (4,52) Y=[fasting_blood_sugar,electrocardiographic_result,major_vessels,thal] X=[15,22,23,25,32,38,41,42,58,62,63,69,71,77,78,79,88,90,99,100,101,102,106,109,111,114,115,118,132,138,150,151,155,161,162,165,177,179,190,197,209,212,219,222,224,239,247,253,258,259,260,263] pvalue=0.00488813028445368 Lifts=[1.5923076923076922, 0.25961538461538464]
 I=[1,0,0,0] (4,47) Y=[sex,exercise_induced_angina,slope_ST,major_vessels] X=[2,5,12,23,31,37,38,39,40,43,45,51,62,69,72,79,86,111,114,116,132,134,141,150,157,162,164,174,179,182,190,192,214,219,222,232,238,239,241,251,253,254,258,259,263,265,266] pvalue=0.01 Lifts=[1.531914893617021, 0.3351063829787234]
 I=[0,0,0,0] (4,57) Y=[fasting_blood_sugar,electrocardiographic_result,exercise_induced_angina,major_vessels] X=[2,5,10,15,22,23,25,32,38,40,41,62,63,69,77,78,79,88,98,99,100,101,102,109,111,114,115,118,132,138,150,151,155,162,164,177,179,190,192,197,209,212,219,222,224,225,231,239,247,253,258,259,260,263,264,266,268] pvalue=0.01 Lifts=[1.5473684210526315, 0.31578947368421056]
 I=[1,0,0,0] (4,44) Y=[sex,exercise_induced_angina,slope_ST,thal] X=[12,23,37,38,39,45,46,47,51,62,69,72,79,85,86,111,114,128,132,141,146,150,157,162,174,179,184,185,190,194,214,219,222,232,238,239,241,251,252,253,254,258,259,263] pvalue=0.02 Lifts=[1.5136363636363634, 0.35795454545454547]
 I=[1,3,0,2] (4,49) Y=[sex,chest_pain_type,fasting_blood_sugar,electrocardiographic_result] X=[0,7,8,11,20,31,33,34,36,39,47,56,65,66,75,76,82,89,92,93,95,96,104,105,116,121,131,133,140,141,147,163,172,182,186,193,199,201,202,204,213,221,232,237,246,249,252,261,269] pvalue=0.02 Lifts=[0.29387755102040813, 1.8826530612244898]
 I=[1,0,0,0] (4,43) Y=[resting_blood_pressure,fasting_blood_sugar,exercise_induced_angina,major_vessels] X=[2,5,21,25,27,32,38,39,41,54,62,78,79,83,88,91,96,99,101,102,105,114,116,151,154,157,158,162,173,179,209,212,214,215,218,219,239,242,251,260,262,263,266] pvalue=0.02 Lifts=[1.5488372093023255, 0.3139534883720931]
 I=[1,0,2,1] (4,44) Y=[sex,fasting_blood_sugar,electrocardiographic_result,slope_ST] X=[0,7,8,18,20,21,28,30,34,56,59,65,75,76,83,89,92,93,95,96,104,105,121,140,147,158,163,171,172,186,202,204,207,210,213,218,221,229,237,248,249,261,262,269] pvalue=0.06 Lifts=[0.3681818181818181, 1.7897727272727273]
 I=[1,0,0,0] (4,50) Y=[sex,fasting_blood_sugar,slope_ST,major_vessels] X=[2,5,11,12,19,23,31,37,38,39,40,42,62,66,69,72,79,82,90,111,114,116,132,134,139,141,150,157,162,164,174,179,182,190,192,193,203,214,219,222,232,238,239,241,251,253,258,259,263,266] pvalue=0.16 Lifts=[1.44, 0.45000000000000007]
 I=[1,0,0,0] (4,46) Y=[sex,exercise_induced_angina,major_vessels,thal] X=[12,21,22,23,37,38,39,45,51,62,69,72,79,83,86,96,101,111,114,132,141,150,157,162,167,174,177,179,190,209,211,214,219,222,232,238,239,241,248,251,253,254,258,259,262,263] pvalue=0.17 Lifts=[1.526086956521739, 0.3423913043478261]
 I=[1,0,0,0] (4,55) Y=[sex,fasting_blood_sugar,exercise_induced_angina,slope_ST] X=[2,5,12,23,31,37,38,39,40,46,47,62,69,72,79,85,94,97,111,114,116,128,132,134,141,144,146,148,150,157,162,164,174,179,182,185,190,192,200,201,214,219,222,232,238,239,241,246,251,252,253,258,259,263,266] pvalue=0.2 Lifts=[1.2436363636363637, 0.6954545454545454]
 I=[0,2,0,0] (4,43) Y=[fasting_blood_sugar,electrocardiographic_result,major_vessels,thal] X=[12,18,21,26,27,37,39,54,66,72,76,83,91,96,112,123,127,135,141,149,152,154,157,166,168,173,174,183,188,195,196,214,215,216,232,236,238,241,242,248,251,262,267] pvalue=0.21 Lifts=[1.5906976744186045, 0.2616279069767442]
 I=[1,0,0,0] (4,47) Y=[sex,fasting_blood_sugar,electrocardiographic_result,major_vessels] X=[2,5,10,19,22,23,38,40,42,50,62,69,79,81,84,90,101,106,111,114,132,139,150,156,160,162,164,177,179,190,191,192,203,208,209,219,222,225,231,239,253,258,259,263,264,266,268] pvalue=0.32 Lifts=[1.225531914893617, 0.7180851063829787]
 I=[1,0,0,0] (4,44) Y=[sex,fasting_blood_sugar,slope_ST,thal] X=[12,23,37,38,39,42,46,47,62,66,69,72,79,85,90,111,114,128,131,132,141,143,146,150,157,162,174,179,185,190,199,214,219,222,232,238,239,241,251,252,253,258,259,263] pvalue=0.34 Lifts=[1.4318181818181814, 0.46022727272727276]
 I=[0,2,0,0] (4,48) Y=[fasting_blood_sugar,electrocardiographic_result,exercise_induced_angina,major_vessels] X=[1,12,21,27,31,37,39,54,72,83,87,89,91,96,105,112,116,123,127,134,141,152,154,157,158,166,173,174,182,183,188,195,196,210,214,215,216,218,229,232,236,238,241,242,248,251,262,267] pvalue=0.35 Lifts=[1.425, 0.46875]
 I=[0,2,0,0] (4,45) Y=[fasting_blood_sugar,electrocardiographic_result,exercise_induced_angina,thal] X=[0,12,14,21,27,37,39,46,47,54,72,83,85,91,96,112,123,124,127,141,152,154,157,166,173,174,183,188,195,196,214,215,216,232,236,238,241,242,243,244,248,251,252,262,267] pvalue=0.39 Lifts=[1.4, 0.5]
 I=[1,0,0,0] (4,62) Y=[sex,fasting_blood_sugar,exercise_induced_angina,major_vessels] X=[2,5,10,12,21,22,23,31,37,38,39,40,62,69,72,79,83,87,89,96,101,105,111,114,116,132,134,141,150,157,158,162,164,174,177,179,182,190,192,209,210,214,218,219,222,225,229,231,232,238,239,241,248,251,253,258,259,262,263,264,266,268] pvalue=0.46 Lifts=[1.335483870967742, 0.5806451612903226]
 I=[1,0,0,0] (4,46) Y=[sex,fasting_blood_sugar,major_vessels,thal] X=[12,18,21,22,23,37,38,39,42,62,66,69,72,76,79,83,90,96,101,106,111,114,132,141,150,157,162,174,177,179,190,209,214,219,222,232,238,239,241,248,251,253,258,259,262,263] pvalue=0.8 Lifts=[1.526086956521739, 0.3423913043478261]
 I=[1,0,0,0] (4,50) Y=[sex,fasting_blood_sugar,exercise_induced_angina,thal] X=[0,12,13,21,22,23,37,38,39,46,47,62,69,72,79,83,85,96,101,111,114,124,128,132,141,146,150,157,162,174,177,179,185,190,209,214,219,222,232,238,239,241,248,251,252,253,258,259,262,263] pvalue=0.89 Lifts=[1.332, 0.5850000000000001]

 I=[0,0,0,0,0] (5,44) Y=[exercise_induced_angina,oldpeak_ST,slope_ST,major_vessels,thal] X=[<too long>] pvalue=1.2861428912729339E-15 Lifts=[1.595454545454545, 0.2556818181818182]
12	0	0	0	0	0
23	0	0	0	0	0
25	0	0	0	0	0
32	0	0	0	0	0
37	0	0	0	0	0
38	0	0	0	0	0
39	0	0	0	0	0
41	0	0	0	0	0
45	0	0	0	0	0
51	0	0	0	0	0
57	0	0	0	0	0
62	0	0	0	0	0
69	0	0	0	0	0
72	0	0	0	0	0
77	0	0	0	0	0
86	0	0	0	0	0
88	0	0	0	0	0
91	0	0	0	0	0
102	0	0	0	0	0
111	0	0	0	0	0
112	0	0	0	0	0
113	0	0	0	0	0
114	0	0	0	0	0
132	0	0	0	0	0
141	0	0	0	0	0
150	0	0	0	0	0
152	0	0	0	0	0
155	0	0	0	0	0
157	0	0	0	0	0
162	0	0	0	0	0
166	0	0	0	0	0
174	0	0	0	0	0
179	0	0	0	0	0
214	0	0	0	0	0
216	0	0	0	0	0
219	0	0	0	0	0
232	0	0	0	0	0
236	0	0	0	0	0
238	0	0	0	0	0
239	0	0	0	0	0
241	0	0	0	0	0
251	0	0	0	0	0
258	0	0	0	0	0
260	0	0	0	0	0


 I=[0,0,0,0] (4,57) Y=[exercise_induced_angina,oldpeak_ST,slope_ST,thal] X=[<too long>] pvalue=7.682745404879455E-15 Lifts=[1.5157894736842106, 0.3552631578947369]
12	0	0	0	0
14	0	0	0	0
23	0	0	0	0
25	0	0	0	0
29	0	0	0	0
32	0	0	0	0
37	0	0	0	0
38	0	0	0	0
39	0	0	0	0
41	0	0	0	0
45	0	0	0	0
47	0	0	0	0
51	0	0	0	0
53	0	0	0	0
55	0	0	0	0
57	0	0	0	0
62	0	0	0	0
67	0	0	0	0
69	0	0	0	0
72	0	0	0	0
77	0	0	0	0
86	0	0	0	0
88	0	0	0	0
91	0	0	0	0
102	0	0	0	0
111	0	0	0	0
112	0	0	0	0
113	0	0	0	0
114	0	0	0	0
125	0	0	0	0
132	0	0	0	0
136	0	0	0	0
141	0	0	0	0
146	0	0	0	0
150	0	0	0	0
152	0	0	0	0
155	0	0	0	0
157	0	0	0	0
162	0	0	0	0
166	0	0	0	0
174	0	0	0	0
179	0	0	0	0
184	0	0	0	0
194	0	0	0	0
206	0	0	0	0
214	0	0	0	0
216	0	0	0	0
219	0	0	0	0
232	0	0	0	0
236	0	0	0	0
238	0	0	0	0
239	0	0	0	0
241	0	0	0	0
251	0	0	0	0
252	0	0	0	0
258	0	0	0	0
260	0	0	0	0


 I=[0,0,0,0,0] (5,48) Y=[fasting_blood_sugar,exercise_induced_angina,oldpeak_ST,slope_ST,thal] X=[<too long>] pvalue=1.8746404607396264E-12 Lifts=[1.4999999999999998, 0.375]
12	0	0	0	0	0
14	0	0	0	0	0
23	0	0	0	0	0
25	0	0	0	0	0
32	0	0	0	0	0
37	0	0	0	0	0
38	0	0	0	0	0
39	0	0	0	0	0
41	0	0	0	0	0
47	0	0	0	0	0
53	0	0	0	0	0
55	0	0	0	0	0
62	0	0	0	0	0
69	0	0	0	0	0
72	0	0	0	0	0
77	0	0	0	0	0
88	0	0	0	0	0
91	0	0	0	0	0
102	0	0	0	0	0
111	0	0	0	0	0
112	0	0	0	0	0
114	0	0	0	0	0
125	0	0	0	0	0
132	0	0	0	0	0
136	0	0	0	0	0
141	0	0	0	0	0
146	0	0	0	0	0
150	0	0	0	0	0
152	0	0	0	0	0
155	0	0	0	0	0
157	0	0	0	0	0
162	0	0	0	0	0
166	0	0	0	0	0
174	0	0	0	0	0
179	0	0	0	0	0
206	0	0	0	0	0
214	0	0	0	0	0
216	0	0	0	0	0
219	0	0	0	0	0
232	0	0	0	0	0
236	0	0	0	0	0
238	0	0	0	0	0
239	0	0	0	0	0
241	0	0	0	0	0
251	0	0	0	0	0
252	0	0	0	0	0
258	0	0	0	0	0
260	0	0	0	0	0


 I=[0,0,0,0] (4,48) Y=[oldpeak_ST,slope_ST,major_vessels,thal] X=[<too long>] pvalue=6.9521881231681954E-12 Lifts=[1.6125, 0.234375]
12	0	0	0	0
23	0	0	0	0
25	0	0	0	0
32	0	0	0	0
37	0	0	0	0
38	0	0	0	0
39	0	0	0	0
41	0	0	0	0
45	0	0	0	0
51	0	0	0	0
57	0	0	0	0
62	0	0	0	0
66	0	0	0	0
69	0	0	0	0
72	0	0	0	0
77	0	0	0	0
86	0	0	0	0
88	0	0	0	0
90	0	0	0	0
91	0	0	0	0
102	0	0	0	0
111	0	0	0	0
112	0	0	0	0
113	0	0	0	0
114	0	0	0	0
132	0	0	0	0
141	0	0	0	0
149	0	0	0	0
150	0	0	0	0
152	0	0	0	0
155	0	0	0	0
157	0	0	0	0
162	0	0	0	0
165	0	0	0	0
166	0	0	0	0
174	0	0	0	0
179	0	0	0	0
214	0	0	0	0
216	0	0	0	0
219	0	0	0	0
232	0	0	0	0
236	0	0	0	0
238	0	0	0	0
239	0	0	0	0
241	0	0	0	0
251	0	0	0	0
258	0	0	0	0
260	0	0	0	0


 I=[0,0,0,0,0] (5,43) Y=[fasting_blood_sugar,oldpeak_ST,slope_ST,major_vessels,thal] X=[<too long>] pvalue=1.8327122577036396E-11 Lifts=[1.5906976744186045, 0.2616279069767442]
12	0	0	0	0	0
23	0	0	0	0	0
25	0	0	0	0	0
32	0	0	0	0	0
37	0	0	0	0	0
38	0	0	0	0	0
39	0	0	0	0	0
41	0	0	0	0	0
62	0	0	0	0	0
66	0	0	0	0	0
69	0	0	0	0	0
72	0	0	0	0	0
77	0	0	0	0	0
88	0	0	0	0	0
90	0	0	0	0	0
91	0	0	0	0	0
102	0	0	0	0	0
111	0	0	0	0	0
112	0	0	0	0	0
114	0	0	0	0	0
132	0	0	0	0	0
141	0	0	0	0	0
149	0	0	0	0	0
150	0	0	0	0	0
152	0	0	0	0	0
155	0	0	0	0	0
157	0	0	0	0	0
162	0	0	0	0	0
165	0	0	0	0	0
166	0	0	0	0	0
174	0	0	0	0	0
179	0	0	0	0	0
214	0	0	0	0	0
216	0	0	0	0	0
219	0	0	0	0	0
232	0	0	0	0	0
236	0	0	0	0	0
238	0	0	0	0	0
239	0	0	0	0	0
241	0	0	0	0	0
251	0	0	0	0	0
258	0	0	0	0	0
260	0	0	0	0	0


 I=[0,0,0,0] (4,51) Y=[exercise_induced_angina,oldpeak_ST,slope_ST,major_vessels] X=[<too long>] pvalue=9.289799891685986E-11 Lifts=[1.5529411764705883, 0.3088235294117647]
12	0	0	0	0
23	0	0	0	0
25	0	0	0	0
32	0	0	0	0
37	0	0	0	0
38	0	0	0	0
39	0	0	0	0
40	0	0	0	0
41	0	0	0	0
43	0	0	0	0
45	0	0	0	0
51	0	0	0	0
57	0	0	0	0
62	0	0	0	0
69	0	0	0	0
72	0	0	0	0
77	0	0	0	0
86	0	0	0	0
88	0	0	0	0
91	0	0	0	0
98	0	0	0	0
102	0	0	0	0
111	0	0	0	0
112	0	0	0	0
113	0	0	0	0
114	0	0	0	0
132	0	0	0	0
141	0	0	0	0
150	0	0	0	0
152	0	0	0	0
155	0	0	0	0
157	0	0	0	0
162	0	0	0	0
164	0	0	0	0
166	0	0	0	0
174	0	0	0	0
179	0	0	0	0
182	0	0	0	0
192	0	0	0	0
214	0	0	0	0
216	0	0	0	0
219	0	0	0	0
232	0	0	0	0
236	0	0	0	0
238	0	0	0	0
239	0	0	0	0
241	0	0	0	0
251	0	0	0	0
258	0	0	0	0
260	0	0	0	0
266	0	0	0	0


 I=[0,0,0,0,0] (5,45) Y=[fasting_blood_sugar,exercise_induced_angina,oldpeak_ST,slope_ST,major_vessels] X=[<too long>] pvalue=4.178508960556559E-10 Lifts=[1.5200000000000002, 0.35000000000000003]
12	0	0	0	0	0
23	0	0	0	0	0
25	0	0	0	0	0
32	0	0	0	0	0
37	0	0	0	0	0
38	0	0	0	0	0
39	0	0	0	0	0
40	0	0	0	0	0
41	0	0	0	0	0
62	0	0	0	0	0
69	0	0	0	0	0
72	0	0	0	0	0
77	0	0	0	0	0
88	0	0	0	0	0
91	0	0	0	0	0
98	0	0	0	0	0
102	0	0	0	0	0
111	0	0	0	0	0
112	0	0	0	0	0
114	0	0	0	0	0
132	0	0	0	0	0
141	0	0	0	0	0
150	0	0	0	0	0
152	0	0	0	0	0
155	0	0	0	0	0
157	0	0	0	0	0
162	0	0	0	0	0
164	0	0	0	0	0
166	0	0	0	0	0
174	0	0	0	0	0
179	0	0	0	0	0
182	0	0	0	0	0
192	0	0	0	0	0
214	0	0	0	0	0
216	0	0	0	0	0
219	0	0	0	0	0
232	0	0	0	0	0
236	0	0	0	0	0
238	0	0	0	0	0
239	0	0	0	0	0
241	0	0	0	0	0
251	0	0	0	0	0
258	0	0	0	0	0
260	0	0	0	0	0
266	0	0	0	0	0


 I=[0,0,0,0] (4,55) Y=[fasting_blood_sugar,oldpeak_ST,slope_ST,thal] X=[<too long>] pvalue=1.0528004947780103E-9 Lifts=[1.4727272727272727, 0.4090909090909091]
4	0	0	0	0
12	0	0	0	0
14	0	0	0	0
23	0	0	0	0
25	0	0	0	0
32	0	0	0	0
37	0	0	0	0
38	0	0	0	0
39	0	0	0	0
41	0	0	0	0
47	0	0	0	0
53	0	0	0	0
55	0	0	0	0
62	0	0	0	0
66	0	0	0	0
69	0	0	0	0
72	0	0	0	0
77	0	0	0	0
88	0	0	0	0
90	0	0	0	0
91	0	0	0	0
102	0	0	0	0
111	0	0	0	0
112	0	0	0	0
114	0	0	0	0
125	0	0	0	0
131	0	0	0	0
132	0	0	0	0
136	0	0	0	0
141	0	0	0	0
146	0	0	0	0
149	0	0	0	0
150	0	0	0	0
152	0	0	0	0
155	0	0	0	0
157	0	0	0	0
162	0	0	0	0
165	0	0	0	0
166	0	0	0	0
174	0	0	0	0
179	0	0	0	0
199	0	0	0	0
206	0	0	0	0
214	0	0	0	0
216	0	0	0	0
219	0	0	0	0
232	0	0	0	0
236	0	0	0	0
238	0	0	0	0
239	0	0	0	0
241	0	0	0	0
251	0	0	0	0
252	0	0	0	0
258	0	0	0	0
260	0	0	0	0


 I=[3,0,1,1] (4,43) Y=[chest_pain_type,fasting_blood_sugar,exercise_induced_angina,slope_ST] X=[<too long>] pvalue=2.567643900364959E-9 Lifts=[0.2093023255813953, 1.988372093023256]
3	3	0	1	1
7	3	0	1	1
16	3	0	1	1
20	3	0	1	1
26	3	0	1	1
34	3	0	1	1
50	3	0	1	1
56	3	0	1	1
58	3	0	1	1
61	3	0	1	1
65	3	0	1	1
70	3	0	1	1
75	3	0	1	1
76	3	0	1	1
81	3	0	1	1
84	3	0	1	1
92	3	0	1	1
93	3	0	1	1
95	3	0	1	1
110	3	0	1	1
121	3	0	1	1
122	3	0	1	1
126	3	0	1	1
130	3	0	1	1
145	3	0	1	1
147	3	0	1	1
161	3	0	1	1
163	3	0	1	1
168	3	0	1	1
172	3	0	1	1
176	3	0	1	1
181	3	0	1	1
186	3	0	1	1
202	3	0	1	1
204	3	0	1	1
213	3	0	1	1
220	3	0	1	1
230	3	0	1	1
237	3	0	1	1
249	3	0	1	1
257	3	0	1	1
261	3	0	1	1
269	3	0	1	1


 I=[0,0,0,0] (4,61) Y=[exercise_induced_angina,slope_ST,major_vessels,thal] X=[<too long>] pvalue=7.261969069653624E-9 Lifts=[1.6524590163934425, 0.18442622950819673]
12	0	0	0	0
23	0	0	0	0
25	0	0	0	0
27	0	0	0	0
32	0	0	0	0
37	0	0	0	0
38	0	0	0	0
39	0	0	0	0
41	0	0	0	0
45	0	0	0	0
51	0	0	0	0
57	0	0	0	0
62	0	0	0	0
63	0	0	0	0
69	0	0	0	0
72	0	0	0	0
77	0	0	0	0
79	0	0	0	0
86	0	0	0	0
88	0	0	0	0
91	0	0	0	0
99	0	0	0	0
102	0	0	0	0
111	0	0	0	0
112	0	0	0	0
113	0	0	0	0
114	0	0	0	0
123	0	0	0	0
132	0	0	0	0
138	0	0	0	0
141	0	0	0	0
150	0	0	0	0
152	0	0	0	0
154	0	0	0	0
155	0	0	0	0
157	0	0	0	0
162	0	0	0	0
166	0	0	0	0
174	0	0	0	0
179	0	0	0	0
190	0	0	0	0
214	0	0	0	0
215	0	0	0	0
216	0	0	0	0
219	0	0	0	0
222	0	0	0	0
224	0	0	0	0
228	0	0	0	0
232	0	0	0	0
236	0	0	0	0
238	0	0	0	0
239	0	0	0	0
241	0	0	0	0
247	0	0	0	0
251	0	0	0	0
253	0	0	0	0
254	0	0	0	0
258	0	0	0	0
259	0	0	0	0
260	0	0	0	0
263	0	0	0	0


 I=[0,0,0,0,0] (5,54) Y=[fasting_blood_sugar,exercise_induced_angina,slope_ST,major_vessels,thal] X=[<too long>] pvalue=1.6471443304315222E-8 Lifts=[1.6333333333333333, 0.20833333333333331]
12	0	0	0	0	0
23	0	0	0	0	0
25	0	0	0	0	0
27	0	0	0	0	0
32	0	0	0	0	0
37	0	0	0	0	0
38	0	0	0	0	0
39	0	0	0	0	0
41	0	0	0	0	0
62	0	0	0	0	0
63	0	0	0	0	0
69	0	0	0	0	0
72	0	0	0	0	0
77	0	0	0	0	0
79	0	0	0	0	0
88	0	0	0	0	0
91	0	0	0	0	0
99	0	0	0	0	0
102	0	0	0	0	0
111	0	0	0	0	0
112	0	0	0	0	0
114	0	0	0	0	0
123	0	0	0	0	0
132	0	0	0	0	0
138	0	0	0	0	0
141	0	0	0	0	0
150	0	0	0	0	0
152	0	0	0	0	0
154	0	0	0	0	0
155	0	0	0	0	0
157	0	0	0	0	0
162	0	0	0	0	0
166	0	0	0	0	0
174	0	0	0	0	0
179	0	0	0	0	0
190	0	0	0	0	0
214	0	0	0	0	0
215	0	0	0	0	0
216	0	0	0	0	0
219	0	0	0	0	0
222	0	0	0	0	0
224	0	0	0	0	0
232	0	0	0	0	0
236	0	0	0	0	0
238	0	0	0	0	0
239	0	0	0	0	0
241	0	0	0	0	0
247	0	0	0	0	0
251	0	0	0	0	0
253	0	0	0	0	0
258	0	0	0	0	0
259	0	0	0	0	0
260	0	0	0	0	0
263	0	0	0	0	0


 I=[0,0,0,0,0] (5,45) Y=[fasting_blood_sugar,exercise_induced_angina,oldpeak_ST,major_vessels,thal] X=[<too long>] pvalue=4.9522664288542056E-8 Lifts=[1.6, 0.25]
12	0	0	0	0	0
21	0	0	0	0	0
23	0	0	0	0	0
25	0	0	0	0	0
32	0	0	0	0	0
37	0	0	0	0	0
38	0	0	0	0	0
39	0	0	0	0	0
41	0	0	0	0	0
62	0	0	0	0	0
69	0	0	0	0	0
72	0	0	0	0	0
77	0	0	0	0	0
78	0	0	0	0	0
88	0	0	0	0	0
91	0	0	0	0	0
102	0	0	0	0	0
109	0	0	0	0	0
111	0	0	0	0	0
112	0	0	0	0	0
114	0	0	0	0	0
115	0	0	0	0	0
127	0	0	0	0	0
132	0	0	0	0	0
141	0	0	0	0	0
150	0	0	0	0	0
152	0	0	0	0	0
155	0	0	0	0	0
157	0	0	0	0	0
162	0	0	0	0	0
166	0	0	0	0	0
174	0	0	0	0	0
179	0	0	0	0	0
212	0	0	0	0	0
214	0	0	0	0	0
216	0	0	0	0	0
219	0	0	0	0	0
232	0	0	0	0	0
236	0	0	0	0	0
238	0	0	0	0	0
239	0	0	0	0	0
241	0	0	0	0	0
251	0	0	0	0	0
258	0	0	0	0	0
260	0	0	0	0	0


 I=[0,0,0,0] (4,50) Y=[exercise_induced_angina,oldpeak_ST,major_vessels,thal] X=[<too long>] pvalue=4.981305924952585E-8 Lifts=[1.6199999999999999, 0.22500000000000003]
12	0	0	0	0
21	0	0	0	0
23	0	0	0	0
25	0	0	0	0
32	0	0	0	0
37	0	0	0	0
38	0	0	0	0
39	0	0	0	0
41	0	0	0	0
45	0	0	0	0
51	0	0	0	0
57	0	0	0	0
62	0	0	0	0
69	0	0	0	0
72	0	0	0	0
77	0	0	0	0
78	0	0	0	0
86	0	0	0	0
88	0	0	0	0
91	0	0	0	0
102	0	0	0	0
109	0	0	0	0
111	0	0	0	0
112	0	0	0	0
113	0	0	0	0
114	0	0	0	0
115	0	0	0	0
127	0	0	0	0
132	0	0	0	0
141	0	0	0	0
150	0	0	0	0
152	0	0	0	0
155	0	0	0	0
157	0	0	0	0
162	0	0	0	0
166	0	0	0	0
174	0	0	0	0
179	0	0	0	0
212	0	0	0	0
214	0	0	0	0
216	0	0	0	0
219	0	0	0	0
232	0	0	0	0
236	0	0	0	0
238	0	0	0	0
239	0	0	0	0
241	0	0	0	0
251	0	0	0	0
258	0	0	0	0
260	0	0	0	0


 I=[0,0,0,0] (4,45) Y=[sex,exercise_induced_angina,major_vessels,thal] X=[<too long>] pvalue=5.140705317909598E-8 Lifts=[1.7200000000000002, 0.1]
15	0	0	0	0
25	0	0	0	0
27	0	0	0	0
32	0	0	0	0
41	0	0	0	0
54	0	0	0	0
57	0	0	0	0
63	0	0	0	0
73	0	0	0	0
77	0	0	0	0
78	0	0	0	0
88	0	0	0	0
91	0	0	0	0
99	0	0	0	0
100	0	0	0	0
102	0	0	0	0
109	0	0	0	0
112	0	0	0	0
113	0	0	0	0
115	0	0	0	0
118	0	0	0	0
123	0	0	0	0
127	0	0	0	0
138	0	0	0	0
151	0	0	0	0
152	0	0	0	0
154	0	0	0	0
155	0	0	0	0
166	0	0	0	0
173	0	0	0	0
183	0	0	0	0
188	0	0	0	0
195	0	0	0	0
196	0	0	0	0
197	0	0	0	0
212	0	0	0	0
215	0	0	0	0
216	0	0	0	0
224	0	0	0	0
228	0	0	0	0
236	0	0	0	0
242	0	0	0	0
247	0	0	0	0
260	0	0	0	0
267	0	0	0	0


 I=[0,0,0,0] (4,57) Y=[fasting_blood_sugar,exercise_induced_angina,oldpeak_ST,slope_ST] X=[<too long>] pvalue=7.346056944825167E-8 Lifts=[1.3894736842105264, 0.5131578947368421]
12	0	0	0	0
14	0	0	0	0
23	0	0	0	0
25	0	0	0	0
32	0	0	0	0
37	0	0	0	0
38	0	0	0	0
39	0	0	0	0
40	0	0	0	0
41	0	0	0	0
47	0	0	0	0
53	0	0	0	0
55	0	0	0	0
62	0	0	0	0
69	0	0	0	0
72	0	0	0	0
77	0	0	0	0
88	0	0	0	0
91	0	0	0	0
97	0	0	0	0
98	0	0	0	0
102	0	0	0	0
111	0	0	0	0
112	0	0	0	0
114	0	0	0	0
125	0	0	0	0
132	0	0	0	0
136	0	0	0	0
141	0	0	0	0
144	0	0	0	0
146	0	0	0	0
150	0	0	0	0
152	0	0	0	0
155	0	0	0	0
157	0	0	0	0
162	0	0	0	0
164	0	0	0	0
166	0	0	0	0
174	0	0	0	0
179	0	0	0	0
182	0	0	0	0
192	0	0	0	0
201	0	0	0	0
206	0	0	0	0
214	0	0	0	0
216	0	0	0	0
219	0	0	0	0
232	0	0	0	0
236	0	0	0	0
238	0	0	0	0
239	0	0	0	0
241	0	0	0	0
251	0	0	0	0
252	0	0	0	0
258	0	0	0	0
260	0	0	0	0
266	0	0	0	0


 I=[0,0,0,0] (4,52) Y=[fasting_blood_sugar,oldpeak_ST,slope_ST,major_vessels] X=[<too long>] pvalue=1.087501441436903E-7 Lifts=[1.5230769230769232, 0.34615384615384615]
11	0	0	0	0
12	0	0	0	0
23	0	0	0	0
25	0	0	0	0
32	0	0	0	0
37	0	0	0	0
38	0	0	0	0
39	0	0	0	0
40	0	0	0	0
41	0	0	0	0
62	0	0	0	0
66	0	0	0	0
69	0	0	0	0
72	0	0	0	0
77	0	0	0	0
88	0	0	0	0
90	0	0	0	0
91	0	0	0	0
98	0	0	0	0
102	0	0	0	0
111	0	0	0	0
112	0	0	0	0
114	0	0	0	0
132	0	0	0	0
139	0	0	0	0
141	0	0	0	0
149	0	0	0	0
150	0	0	0	0
152	0	0	0	0
155	0	0	0	0
157	0	0	0	0
162	0	0	0	0
164	0	0	0	0
165	0	0	0	0
166	0	0	0	0
174	0	0	0	0
179	0	0	0	0
182	0	0	0	0
192	0	0	0	0
193	0	0	0	0
214	0	0	0	0
216	0	0	0	0
219	0	0	0	0
232	0	0	0	0
236	0	0	0	0
238	0	0	0	0
239	0	0	0	0
241	0	0	0	0
251	0	0	0	0
258	0	0	0	0
260	0	0	0	0
266	0	0	0	0


 I=[0,0,0,0] (4,51) Y=[sex,fasting_blood_sugar,major_vessels,thal] X=[<too long>] pvalue=2.442645688693273E-7 Lifts=[1.6235294117647057, 0.22058823529411767]
15	0	0	0	0
25	0	0	0	0
26	0	0	0	0
27	0	0	0	0
32	0	0	0	0
41	0	0	0	0
54	0	0	0	0
58	0	0	0	0
63	0	0	0	0
71	0	0	0	0
73	0	0	0	0
77	0	0	0	0
78	0	0	0	0
88	0	0	0	0
91	0	0	0	0
99	0	0	0	0
100	0	0	0	0
102	0	0	0	0
109	0	0	0	0
110	0	0	0	0
112	0	0	0	0
115	0	0	0	0
118	0	0	0	0
123	0	0	0	0
127	0	0	0	0
135	0	0	0	0
138	0	0	0	0
149	0	0	0	0
151	0	0	0	0
152	0	0	0	0
154	0	0	0	0
155	0	0	0	0
161	0	0	0	0
165	0	0	0	0
166	0	0	0	0
168	0	0	0	0
173	0	0	0	0
183	0	0	0	0
188	0	0	0	0
195	0	0	0	0
196	0	0	0	0
197	0	0	0	0
212	0	0	0	0
215	0	0	0	0
216	0	0	0	0
224	0	0	0	0
236	0	0	0	0
242	0	0	0	0
247	0	0	0	0
260	0	0	0	0
267	0	0	0	0


 I=[0,0,0,0] (4,55) Y=[sex,fasting_blood_sugar,exercise_induced_angina,thal] X=[<too long>] pvalue=3.7480750922073104E-7 Lifts=[1.701818181818182, 0.12272727272727274]
14	0	0	0	0
15	0	0	0	0
25	0	0	0	0
27	0	0	0	0
32	0	0	0	0
41	0	0	0	0
53	0	0	0	0
54	0	0	0	0
55	0	0	0	0
63	0	0	0	0
68	0	0	0	0
73	0	0	0	0
74	0	0	0	0
77	0	0	0	0
78	0	0	0	0
88	0	0	0	0
91	0	0	0	0
99	0	0	0	0
100	0	0	0	0
102	0	0	0	0
109	0	0	0	0
112	0	0	0	0
115	0	0	0	0
118	0	0	0	0
123	0	0	0	0
125	0	0	0	0
127	0	0	0	0
136	0	0	0	0
138	0	0	0	0
151	0	0	0	0
152	0	0	0	0
153	0	0	0	0
154	0	0	0	0
155	0	0	0	0
166	0	0	0	0
173	0	0	0	0
183	0	0	0	0
188	0	0	0	0
195	0	0	0	0
196	0	0	0	0
197	0	0	0	0
198	0	0	0	0
206	0	0	0	0
212	0	0	0	0
215	0	0	0	0
216	0	0	0	0
224	0	0	0	0
236	0	0	0	0
242	0	0	0	0
243	0	0	0	0
244	0	0	0	0
247	0	0	0	0
255	0	0	0	0
260	0	0	0	0
267	0	0	0	0


 I=[1,3,0,1] (4,50) Y=[sex,chest_pain_type,fasting_blood_sugar,exercise_induced_angina] X=[<too long>] pvalue=4.743090016342648E-7 Lifts=[0.216, 1.9800000000000004]
3	1	3	0	1
7	1	3	0	1
11	1	3	0	1
16	1	3	0	1
20	1	3	0	1
33	1	3	0	1
34	1	3	0	1
36	1	3	0	1
50	1	3	0	1
56	1	3	0	1
65	1	3	0	1
66	1	3	0	1
70	1	3	0	1
75	1	3	0	1
76	1	3	0	1
81	1	3	0	1
82	1	3	0	1
84	1	3	0	1
92	1	3	0	1
93	1	3	0	1
95	1	3	0	1
108	1	3	0	1
121	1	3	0	1
122	1	3	0	1
126	1	3	0	1
131	1	3	0	1
133	1	3	0	1
139	1	3	0	1
145	1	3	0	1
147	1	3	0	1
156	1	3	0	1
163	1	3	0	1
172	1	3	0	1
176	1	3	0	1
186	1	3	0	1
191	1	3	0	1
193	1	3	0	1
199	1	3	0	1
202	1	3	0	1
203	1	3	0	1
204	1	3	0	1
213	1	3	0	1
220	1	3	0	1
233	1	3	0	1
237	1	3	0	1
245	1	3	0	1
249	1	3	0	1
257	1	3	0	1
261	1	3	0	1
269	1	3	0	1


 I=[0,0,0,0,0] (5,43) Y=[fasting_blood_sugar,electrocardiographic_result,exercise_induced_angina,slope_ST,thal] X=[<too long>] pvalue=1.0791588211030094E-6 Lifts=[1.6744186046511624, 0.15697674418604654]
23	0	0	0	0	0
25	0	0	0	0	0
32	0	0	0	0	0
38	0	0	0	0	0
41	0	0	0	0	0
53	0	0	0	0	0
55	0	0	0	0	0
62	0	0	0	0	0
63	0	0	0	0	0
69	0	0	0	0	0
74	0	0	0	0	0
77	0	0	0	0	0
79	0	0	0	0	0
88	0	0	0	0	0
99	0	0	0	0	0
102	0	0	0	0	0
111	0	0	0	0	0
114	0	0	0	0	0
125	0	0	0	0	0
128	0	0	0	0	0
132	0	0	0	0	0
136	0	0	0	0	0
138	0	0	0	0	0
146	0	0	0	0	0
150	0	0	0	0	0
155	0	0	0	0	0
162	0	0	0	0	0
179	0	0	0	0	0
185	0	0	0	0	0
190	0	0	0	0	0
198	0	0	0	0	0
206	0	0	0	0	0
219	0	0	0	0	0
222	0	0	0	0	0
224	0	0	0	0	0
239	0	0	0	0	0
247	0	0	0	0	0
253	0	0	0	0	0
255	0	0	0	0	0
258	0	0	0	0	0
259	0	0	0	0	0
260	0	0	0	0	0
263	0	0	0	0	0


 I=[0,0,0,0] (4,48) Y=[electrocardiographic_result,exercise_induced_angina,slope_ST,thal] X=[<too long>] pvalue=1.0810239432941625E-6 Lifts=[1.6874999999999998, 0.140625]
23	0	0	0	0
25	0	0	0	0
32	0	0	0	0
38	0	0	0	0
41	0	0	0	0
51	0	0	0	0
53	0	0	0	0
55	0	0	0	0
57	0	0	0	0
62	0	0	0	0
63	0	0	0	0
69	0	0	0	0
74	0	0	0	0
77	0	0	0	0
79	0	0	0	0
88	0	0	0	0
99	0	0	0	0
102	0	0	0	0
111	0	0	0	0
113	0	0	0	0
114	0	0	0	0
125	0	0	0	0
128	0	0	0	0
132	0	0	0	0
136	0	0	0	0
138	0	0	0	0
146	0	0	0	0
150	0	0	0	0
155	0	0	0	0
162	0	0	0	0
179	0	0	0	0
185	0	0	0	0
190	0	0	0	0
194	0	0	0	0
198	0	0	0	0
206	0	0	0	0
219	0	0	0	0
222	0	0	0	0
224	0	0	0	0
239	0	0	0	0
247	0	0	0	0
253	0	0	0	0
254	0	0	0	0
255	0	0	0	0
258	0	0	0	0
259	0	0	0	0
260	0	0	0	0
263	0	0	0	0


 I=[0,0,0,0] (4,44) Y=[age,fasting_blood_sugar,major_vessels,thal] X=[<too long>] pvalue=1.160113330974875E-6 Lifts=[1.7181818181818178, 0.10227272727272728]
12	0	0	0	0
21	0	0	0	0
22	0	0	0	0
23	0	0	0	0
25	0	0	0	0
26	0	0	0	0
32	0	0	0	0
38	0	0	0	0
39	0	0	0	0
42	0	0	0	0
54	0	0	0	0
62	0	0	0	0
69	0	0	0	0
76	0	0	0	0
77	0	0	0	0
78	0	0	0	0
83	0	0	0	0
88	0	0	0	0
100	0	0	0	0
109	0	0	0	0
111	0	0	0	0
114	0	0	0	0
132	0	0	0	0
135	0	0	0	0
138	0	0	0	0
149	0	0	0	0
150	0	0	0	0
155	0	0	0	0
157	0	0	0	0
168	0	0	0	0
174	0	0	0	0
177	0	0	0	0
183	0	0	0	0
209	0	0	0	0
212	0	0	0	0
214	0	0	0	0
215	0	0	0	0
219	0	0	0	0
224	0	0	0	0
232	0	0	0	0
238	0	0	0	0
241	0	0	0	0
251	0	0	0	0
259	0	0	0	0


 I=[0,0,0,0] (4,71) Y=[fasting_blood_sugar,exercise_induced_angina,slope_ST,thal] X=[<too long>] pvalue=1.7021933564837545E-6 Lifts=[1.5718309859154929, 0.2852112676056338]
12	0	0	0	0
14	0	0	0	0
23	0	0	0	0
25	0	0	0	0
27	0	0	0	0
32	0	0	0	0
37	0	0	0	0
38	0	0	0	0
39	0	0	0	0
41	0	0	0	0
46	0	0	0	0
47	0	0	0	0
53	0	0	0	0
55	0	0	0	0
62	0	0	0	0
63	0	0	0	0
69	0	0	0	0
72	0	0	0	0
74	0	0	0	0
77	0	0	0	0
79	0	0	0	0
85	0	0	0	0
88	0	0	0	0
91	0	0	0	0
99	0	0	0	0
102	0	0	0	0
111	0	0	0	0
112	0	0	0	0
114	0	0	0	0
123	0	0	0	0
125	0	0	0	0
128	0	0	0	0
132	0	0	0	0
136	0	0	0	0
138	0	0	0	0
141	0	0	0	0
146	0	0	0	0
150	0	0	0	0
152	0	0	0	0
154	0	0	0	0
155	0	0	0	0
157	0	0	0	0
162	0	0	0	0
166	0	0	0	0
174	0	0	0	0
179	0	0	0	0
185	0	0	0	0
190	0	0	0	0
198	0	0	0	0
206	0	0	0	0
214	0	0	0	0
215	0	0	0	0
216	0	0	0	0
219	0	0	0	0
222	0	0	0	0
224	0	0	0	0
232	0	0	0	0
236	0	0	0	0
238	0	0	0	0
239	0	0	0	0
241	0	0	0	0
244	0	0	0	0
247	0	0	0	0
251	0	0	0	0
252	0	0	0	0
253	0	0	0	0
255	0	0	0	0
258	0	0	0	0
259	0	0	0	0
260	0	0	0	0
263	0	0	0	0


 I=[0,0,0,0] (4,82) Y=[fasting_blood_sugar,exercise_induced_angina,major_vessels,thal] X=[<too long>] pvalue=2.8432347220045783E-6 Lifts=[1.6024390243902438, 0.24695121951219515]
12	0	0	0	0
15	0	0	0	0
21	0	0	0	0
22	0	0	0	0
23	0	0	0	0
25	0	0	0	0
27	0	0	0	0
32	0	0	0	0
37	0	0	0	0
38	0	0	0	0
39	0	0	0	0
41	0	0	0	0
54	0	0	0	0
62	0	0	0	0
63	0	0	0	0
69	0	0	0	0
72	0	0	0	0
73	0	0	0	0
77	0	0	0	0
78	0	0	0	0
79	0	0	0	0
83	0	0	0	0
88	0	0	0	0
91	0	0	0	0
96	0	0	0	0
99	0	0	0	0
100	0	0	0	0
101	0	0	0	0
102	0	0	0	0
109	0	0	0	0
111	0	0	0	0
112	0	0	0	0
114	0	0	0	0
115	0	0	0	0
118	0	0	0	0
123	0	0	0	0
127	0	0	0	0
132	0	0	0	0
138	0	0	0	0
141	0	0	0	0
150	0	0	0	0
151	0	0	0	0
152	0	0	0	0
154	0	0	0	0
155	0	0	0	0
157	0	0	0	0
162	0	0	0	0
166	0	0	0	0
173	0	0	0	0
174	0	0	0	0
177	0	0	0	0
179	0	0	0	0
183	0	0	0	0
188	0	0	0	0
190	0	0	0	0
195	0	0	0	0
196	0	0	0	0
197	0	0	0	0
209	0	0	0	0
212	0	0	0	0
214	0	0	0	0
215	0	0	0	0
216	0	0	0	0
219	0	0	0	0
222	0	0	0	0
224	0	0	0	0
232	0	0	0	0
236	0	0	0	0
238	0	0	0	0
239	0	0	0	0
241	0	0	0	0
242	0	0	0	0
247	0	0	0	0
248	0	0	0	0
251	0	0	0	0
253	0	0	0	0
258	0	0	0	0
259	0	0	0	0
260	0	0	0	0
262	0	0	0	0
263	0	0	0	0
267	0	0	0	0


 I=[1,0,0,0] (4,44) Y=[sex,exercise_induced_angina,oldpeak_ST,slope_ST] X=[<too long>] pvalue=5.462915101510332E-6 Lifts=[1.3499999999999996, 0.5625000000000001]
12	1	0	0	0
23	1	0	0	0
37	1	0	0	0
38	1	0	0	0
39	1	0	0	0
40	1	0	0	0
43	1	0	0	0
45	1	0	0	0
47	1	0	0	0
51	1	0	0	0
60	1	0	0	0
62	1	0	0	0
69	1	0	0	0
72	1	0	0	0
86	1	0	0	0
97	1	0	0	0
111	1	0	0	0
114	1	0	0	0
132	1	0	0	0
141	1	0	0	0
144	1	0	0	0
146	1	0	0	0
150	1	0	0	0
157	1	0	0	0
162	1	0	0	0
164	1	0	0	0
174	1	0	0	0
179	1	0	0	0
182	1	0	0	0
184	1	0	0	0
187	1	0	0	0
192	1	0	0	0
194	1	0	0	0
201	1	0	0	0
214	1	0	0	0
219	1	0	0	0
232	1	0	0	0
238	1	0	0	0
239	1	0	0	0
241	1	0	0	0
251	1	0	0	0
252	1	0	0	0
258	1	0	0	0
266	1	0	0	0


 I=[1,3,0,2] (4,52) Y=[sex,chest_pain_type,fasting_blood_sugar,thal] X=[<too long>] pvalue=8.70649339649399E-6 Lifts=[0.2076923076923077, 1.9903846153846152]
3	1	3	0	2
5	1	3	0	2
7	1	3	0	2
8	1	3	0	2
10	1	3	0	2
11	1	3	0	2
16	1	3	0	2
20	1	3	0	2
33	1	3	0	2
34	1	3	0	2
36	1	3	0	2
40	1	3	0	2
70	1	3	0	2
75	1	3	0	2
80	1	3	0	2
81	1	3	0	2
82	1	3	0	2
89	1	3	0	2
92	1	3	0	2
94	1	3	0	2
97	1	3	0	2
104	1	3	0	2
105	1	3	0	2
108	1	3	0	2
116	1	3	0	2
122	1	3	0	2
126	1	3	0	2
139	1	3	0	2
145	1	3	0	2
147	1	3	0	2
156	1	3	0	2
163	1	3	0	2
164	1	3	0	2
176	1	3	0	2
182	1	3	0	2
191	1	3	0	2
193	1	3	0	2
201	1	3	0	2
202	1	3	0	2
203	1	3	0	2
204	1	3	0	2
213	1	3	0	2
220	1	3	0	2
221	1	3	0	2
231	1	3	0	2
233	1	3	0	2
237	1	3	0	2
245	1	3	0	2
249	1	3	0	2
250	1	3	0	2
257	1	3	0	2
261	1	3	0	2


 I=[0,0,0,0] (4,47) Y=[age,fasting_blood_sugar,exercise_induced_angina,major_vessels] X=[<too long>] pvalue=9.761646679804641E-6 Lifts=[1.4936170212765956, 0.3829787234042554]
12	0	0	0	0
21	0	0	0	0
22	0	0	0	0
23	0	0	0	0
25	0	0	0	0
32	0	0	0	0
38	0	0	0	0
39	0	0	0	0
40	0	0	0	0
54	0	0	0	0
62	0	0	0	0
69	0	0	0	0
77	0	0	0	0
78	0	0	0	0
83	0	0	0	0
88	0	0	0	0
100	0	0	0	0
105	0	0	0	0
109	0	0	0	0
111	0	0	0	0
114	0	0	0	0
116	0	0	0	0
132	0	0	0	0
138	0	0	0	0
150	0	0	0	0
155	0	0	0	0
157	0	0	0	0
164	0	0	0	0
174	0	0	0	0
177	0	0	0	0
182	0	0	0	0
183	0	0	0	0
209	0	0	0	0
212	0	0	0	0
214	0	0	0	0
215	0	0	0	0
219	0	0	0	0
224	0	0	0	0
225	0	0	0	0
231	0	0	0	0
232	0	0	0	0
238	0	0	0	0
241	0	0	0	0
251	0	0	0	0
259	0	0	0	0
264	0	0	0	0
266	0	0	0	0


 I=[0,0,0,0] (4,52) Y=[fasting_blood_sugar,oldpeak_ST,major_vessels,thal] X=[<too long>] pvalue=1.1631319920471419E-5 Lifts=[1.5923076923076922, 0.25961538461538464]
12	0	0	0	0
21	0	0	0	0
23	0	0	0	0
25	0	0	0	0
26	0	0	0	0
32	0	0	0	0
37	0	0	0	0
38	0	0	0	0
39	0	0	0	0
41	0	0	0	0
58	0	0	0	0
62	0	0	0	0
66	0	0	0	0
69	0	0	0	0
72	0	0	0	0
77	0	0	0	0
78	0	0	0	0
88	0	0	0	0
90	0	0	0	0
91	0	0	0	0
102	0	0	0	0
109	0	0	0	0
111	0	0	0	0
112	0	0	0	0
114	0	0	0	0
115	0	0	0	0
127	0	0	0	0
132	0	0	0	0
141	0	0	0	0
149	0	0	0	0
150	0	0	0	0
152	0	0	0	0
155	0	0	0	0
157	0	0	0	0
162	0	0	0	0
165	0	0	0	0
166	0	0	0	0
168	0	0	0	0
174	0	0	0	0
179	0	0	0	0
212	0	0	0	0
214	0	0	0	0
216	0	0	0	0
219	0	0	0	0
232	0	0	0	0
236	0	0	0	0
238	0	0	0	0
239	0	0	0	0
241	0	0	0	0
251	0	0	0	0
258	0	0	0	0
260	0	0	0	0


 I=[0,0,0,0] (4,44) Y=[age,fasting_blood_sugar,exercise_induced_angina,thal] X=[<too long>] pvalue=2.6839838696260033E-5 Lifts=[1.636363636363636, 0.20454545454545456]
12	0	0	0	0
21	0	0	0	0
22	0	0	0	0
23	0	0	0	0
25	0	0	0	0
32	0	0	0	0
38	0	0	0	0
39	0	0	0	0
47	0	0	0	0
54	0	0	0	0
55	0	0	0	0
62	0	0	0	0
68	0	0	0	0
69	0	0	0	0
77	0	0	0	0
78	0	0	0	0
83	0	0	0	0
85	0	0	0	0
88	0	0	0	0
100	0	0	0	0
109	0	0	0	0
111	0	0	0	0
114	0	0	0	0
132	0	0	0	0
138	0	0	0	0
150	0	0	0	0
155	0	0	0	0
157	0	0	0	0
174	0	0	0	0
177	0	0	0	0
183	0	0	0	0
185	0	0	0	0
209	0	0	0	0
212	0	0	0	0
214	0	0	0	0
215	0	0	0	0
219	0	0	0	0
224	0	0	0	0
232	0	0	0	0
238	0	0	0	0
241	0	0	0	0
251	0	0	0	0
252	0	0	0	0
259	0	0	0	0


 I=[0,0,0,0,0] (5,45) Y=[fasting_blood_sugar,electrocardiographic_result,exercise_induced_angina,major_vessels,thal] X=[<too long>] pvalue=4.0526144280838604E-5 Lifts=[1.6400000000000001, 0.2]
15	0	0	0	0	0
22	0	0	0	0	0
23	0	0	0	0	0
25	0	0	0	0	0
32	0	0	0	0	0
38	0	0	0	0	0
41	0	0	0	0	0
62	0	0	0	0	0
63	0	0	0	0	0
69	0	0	0	0	0
77	0	0	0	0	0
78	0	0	0	0	0
79	0	0	0	0	0
88	0	0	0	0	0
99	0	0	0	0	0
100	0	0	0	0	0
101	0	0	0	0	0
102	0	0	0	0	0
109	0	0	0	0	0
111	0	0	0	0	0
114	0	0	0	0	0
115	0	0	0	0	0
118	0	0	0	0	0
132	0	0	0	0	0
138	0	0	0	0	0
150	0	0	0	0	0
151	0	0	0	0	0
155	0	0	0	0	0
162	0	0	0	0	0
177	0	0	0	0	0
179	0	0	0	0	0
190	0	0	0	0	0
197	0	0	0	0	0
209	0	0	0	0	0
212	0	0	0	0	0
219	0	0	0	0	0
222	0	0	0	0	0
224	0	0	0	0	0
239	0	0	0	0	0
247	0	0	0	0	0
253	0	0	0	0	0
258	0	0	0	0	0
259	0	0	0	0	0
260	0	0	0	0	0
263	0	0	0	0	0


 I=[0,0,0,0] (4,45) Y=[electrocardiographic_result,exercise_induced_angina,slope_ST,major_vessels] X=[<too long>] pvalue=4.462379235858579E-5 Lifts=[1.6400000000000001, 0.2]
2	0	0	0	0
5	0	0	0	0
23	0	0	0	0
25	0	0	0	0
32	0	0	0	0
38	0	0	0	0
40	0	0	0	0
41	0	0	0	0
43	0	0	0	0
51	0	0	0	0
57	0	0	0	0
62	0	0	0	0
63	0	0	0	0
69	0	0	0	0
77	0	0	0	0
79	0	0	0	0
88	0	0	0	0
98	0	0	0	0
99	0	0	0	0
102	0	0	0	0
111	0	0	0	0
113	0	0	0	0
114	0	0	0	0
132	0	0	0	0
138	0	0	0	0
150	0	0	0	0
155	0	0	0	0
162	0	0	0	0
164	0	0	0	0
179	0	0	0	0
190	0	0	0	0
192	0	0	0	0
219	0	0	0	0
222	0	0	0	0
224	0	0	0	0
239	0	0	0	0
247	0	0	0	0
253	0	0	0	0
254	0	0	0	0
258	0	0	0	0
259	0	0	0	0
260	0	0	0	0
263	0	0	0	0
265	0	0	0	0
266	0	0	0	0


 I=[0,0,0,0] (4,60) Y=[fasting_blood_sugar,slope_ST,major_vessels,thal] X=[<too long>] pvalue=4.880738916404465E-5 Lifts=[1.65, 0.1875]
12	0	0	0	0
23	0	0	0	0
25	0	0	0	0
27	0	0	0	0
32	0	0	0	0
37	0	0	0	0
38	0	0	0	0
39	0	0	0	0
41	0	0	0	0
42	0	0	0	0
62	0	0	0	0
63	0	0	0	0
66	0	0	0	0
69	0	0	0	0
71	0	0	0	0
72	0	0	0	0
77	0	0	0	0
79	0	0	0	0
88	0	0	0	0
90	0	0	0	0
91	0	0	0	0
99	0	0	0	0
102	0	0	0	0
111	0	0	0	0
112	0	0	0	0
114	0	0	0	0
123	0	0	0	0
132	0	0	0	0
138	0	0	0	0
141	0	0	0	0
149	0	0	0	0
150	0	0	0	0
152	0	0	0	0
154	0	0	0	0
155	0	0	0	0
157	0	0	0	0
162	0	0	0	0
165	0	0	0	0
166	0	0	0	0
174	0	0	0	0
179	0	0	0	0
190	0	0	0	0
214	0	0	0	0
215	0	0	0	0
216	0	0	0	0
219	0	0	0	0
222	0	0	0	0
224	0	0	0	0
232	0	0	0	0
236	0	0	0	0
238	0	0	0	0
239	0	0	0	0
241	0	0	0	0
247	0	0	0	0
251	0	0	0	0
253	0	0	0	0
258	0	0	0	0
259	0	0	0	0
260	0	0	0	0
263	0	0	0	0


 I=[0,0,0,0] (4,54) Y=[fasting_blood_sugar,exercise_induced_angina,oldpeak_ST,thal] X=[<too long>] pvalue=8.374000512097226E-5 Lifts=[1.5333333333333332, 0.3333333333333333]
12	0	0	0	0
14	0	0	0	0
21	0	0	0	0
23	0	0	0	0
25	0	0	0	0
32	0	0	0	0
37	0	0	0	0
38	0	0	0	0
39	0	0	0	0
41	0	0	0	0
47	0	0	0	0
53	0	0	0	0
55	0	0	0	0
62	0	0	0	0
69	0	0	0	0
72	0	0	0	0
77	0	0	0	0
78	0	0	0	0
88	0	0	0	0
91	0	0	0	0
102	0	0	0	0
109	0	0	0	0
111	0	0	0	0
112	0	0	0	0
114	0	0	0	0
115	0	0	0	0
125	0	0	0	0
127	0	0	0	0
132	0	0	0	0
136	0	0	0	0
141	0	0	0	0
146	0	0	0	0
150	0	0	0	0
152	0	0	0	0
155	0	0	0	0
157	0	0	0	0
162	0	0	0	0
166	0	0	0	0
174	0	0	0	0
179	0	0	0	0
206	0	0	0	0
212	0	0	0	0
214	0	0	0	0
216	0	0	0	0
219	0	0	0	0
232	0	0	0	0
236	0	0	0	0
238	0	0	0	0
239	0	0	0	0
241	0	0	0	0
251	0	0	0	0
252	0	0	0	0
258	0	0	0	0
260	0	0	0	0


 I=[0,0,0,0] (4,49) Y=[electrocardiographic_result,exercise_induced_angina,major_vessels,thal] X=[<too long>] pvalue=1.2391271692358726E-4 Lifts=[1.6530612244897955, 0.1836734693877551]
15	0	0	0	0
22	0	0	0	0
23	0	0	0	0
25	0	0	0	0
32	0	0	0	0
38	0	0	0	0
41	0	0	0	0
51	0	0	0	0
57	0	0	0	0
62	0	0	0	0
63	0	0	0	0
69	0	0	0	0
77	0	0	0	0
78	0	0	0	0
79	0	0	0	0
88	0	0	0	0
99	0	0	0	0
100	0	0	0	0
101	0	0	0	0
102	0	0	0	0
109	0	0	0	0
111	0	0	0	0
113	0	0	0	0
114	0	0	0	0
115	0	0	0	0
118	0	0	0	0
132	0	0	0	0
138	0	0	0	0
150	0	0	0	0
151	0	0	0	0
155	0	0	0	0
162	0	0	0	0
177	0	0	0	0
179	0	0	0	0
190	0	0	0	0
197	0	0	0	0
209	0	0	0	0
212	0	0	0	0
219	0	0	0	0
222	0	0	0	0
224	0	0	0	0
239	0	0	0	0
247	0	0	0	0
253	0	0	0	0
254	0	0	0	0
258	0	0	0	0
259	0	0	0	0
260	0	0	0	0
263	0	0	0	0


 I=[1,0,1,2] (4,46) Y=[sex,fasting_blood_sugar,slope_ST,thal] X=[<too long>] pvalue=1.4560321510292496E-4 Lifts=[0.23478260869565218, 1.9565217391304348]
3	1	0	1	2
7	1	0	1	2
8	1	0	1	2
10	1	0	1	2
16	1	0	1	2
20	1	0	1	2
28	1	0	1	2
30	1	0	1	2
34	1	0	1	2
59	1	0	1	2
70	1	0	1	2
75	1	0	1	2
80	1	0	1	2
81	1	0	1	2
89	1	0	1	2
92	1	0	1	2
104	1	0	1	2
105	1	0	1	2
120	1	0	1	2
122	1	0	1	2
126	1	0	1	2
142	1	0	1	2
145	1	0	1	2
147	1	0	1	2
158	1	0	1	2
160	1	0	1	2
163	1	0	1	2
171	1	0	1	2
176	1	0	1	2
189	1	0	1	2
202	1	0	1	2
204	1	0	1	2
207	1	0	1	2
208	1	0	1	2
210	1	0	1	2
213	1	0	1	2
218	1	0	1	2
220	1	0	1	2
221	1	0	1	2
231	1	0	1	2
234	1	0	1	2
237	1	0	1	2
249	1	0	1	2
250	1	0	1	2
257	1	0	1	2
261	1	0	1	2


 I=[0,0,0,0] (4,54) Y=[fasting_blood_sugar,exercise_induced_angina,oldpeak_ST,major_vessels] X=[<too long>] pvalue=3.119934807481733E-4 Lifts=[1.5333333333333332, 0.3333333333333333]
12	0	0	0	0
21	0	0	0	0
23	0	0	0	0
25	0	0	0	0
32	0	0	0	0
37	0	0	0	0
38	0	0	0	0
39	0	0	0	0
40	0	0	0	0
41	0	0	0	0
62	0	0	0	0
69	0	0	0	0
72	0	0	0	0
77	0	0	0	0
78	0	0	0	0
88	0	0	0	0
91	0	0	0	0
98	0	0	0	0
102	0	0	0	0
109	0	0	0	0
111	0	0	0	0
112	0	0	0	0
114	0	0	0	0
115	0	0	0	0
127	0	0	0	0
132	0	0	0	0
141	0	0	0	0
150	0	0	0	0
152	0	0	0	0
155	0	0	0	0
157	0	0	0	0
162	0	0	0	0
164	0	0	0	0
166	0	0	0	0
174	0	0	0	0
179	0	0	0	0
182	0	0	0	0
192	0	0	0	0
210	0	0	0	0
212	0	0	0	0
214	0	0	0	0
216	0	0	0	0
219	0	0	0	0
225	0	0	0	0
229	0	0	0	0
232	0	0	0	0
236	0	0	0	0
238	0	0	0	0
239	0	0	0	0
241	0	0	0	0
251	0	0	0	0
258	0	0	0	0
260	0	0	0	0
266	0	0	0	0


 I=[0,0,0,0] (4,65) Y=[fasting_blood_sugar,exercise_induced_angina,slope_ST,major_vessels] X=[<too long>] pvalue=3.7653661192431646E-4 Lifts=[1.5507692307692307, 0.3115384615384616]
2	0	0	0	0
5	0	0	0	0
12	0	0	0	0
23	0	0	0	0
25	0	0	0	0
27	0	0	0	0
31	0	0	0	0
32	0	0	0	0
37	0	0	0	0
38	0	0	0	0
39	0	0	0	0
40	0	0	0	0
41	0	0	0	0
62	0	0	0	0
63	0	0	0	0
69	0	0	0	0
72	0	0	0	0
77	0	0	0	0
79	0	0	0	0
88	0	0	0	0
91	0	0	0	0
98	0	0	0	0
99	0	0	0	0
102	0	0	0	0
111	0	0	0	0
112	0	0	0	0
114	0	0	0	0
116	0	0	0	0
123	0	0	0	0
132	0	0	0	0
134	0	0	0	0
138	0	0	0	0
141	0	0	0	0
150	0	0	0	0
152	0	0	0	0
154	0	0	0	0
155	0	0	0	0
157	0	0	0	0
162	0	0	0	0
164	0	0	0	0
166	0	0	0	0
174	0	0	0	0
179	0	0	0	0
182	0	0	0	0
190	0	0	0	0
192	0	0	0	0
214	0	0	0	0
215	0	0	0	0
216	0	0	0	0
219	0	0	0	0
222	0	0	0	0
224	0	0	0	0
232	0	0	0	0
236	0	0	0	0
238	0	0	0	0
239	0	0	0	0
241	0	0	0	0
247	0	0	0	0
251	0	0	0	0
253	0	0	0	0
258	0	0	0	0
259	0	0	0	0
260	0	0	0	0
263	0	0	0	0
266	0	0	0	0


 I=[0,0,0,0] (4,47) Y=[fasting_blood_sugar,electrocardiographic_result,slope_ST,thal] X=[<too long>] pvalue=8.81170608846354E-4 Lifts=[1.6851063829787234, 0.14361702127659576]
23	0	0	0	0
25	0	0	0	0
32	0	0	0	0
38	0	0	0	0
41	0	0	0	0
42	0	0	0	0
53	0	0	0	0
55	0	0	0	0
62	0	0	0	0
63	0	0	0	0
69	0	0	0	0
71	0	0	0	0
74	0	0	0	0
77	0	0	0	0
79	0	0	0	0
88	0	0	0	0
90	0	0	0	0
99	0	0	0	0
102	0	0	0	0
111	0	0	0	0
114	0	0	0	0
125	0	0	0	0
128	0	0	0	0
132	0	0	0	0
136	0	0	0	0
138	0	0	0	0
146	0	0	0	0
150	0	0	0	0
155	0	0	0	0
162	0	0	0	0
165	0	0	0	0
179	0	0	0	0
185	0	0	0	0
190	0	0	0	0
198	0	0	0	0
206	0	0	0	0
219	0	0	0	0
222	0	0	0	0
224	0	0	0	0
239	0	0	0	0
247	0	0	0	0
253	0	0	0	0
255	0	0	0	0
258	0	0	0	0
259	0	0	0	0
260	0	0	0	0
263	0	0	0	0


 I=[0,0,0,0] (4,53) Y=[fasting_blood_sugar,electrocardiographic_result,exercise_induced_angina,slope_ST] X=[<too long>] pvalue=0.0014828754391990981 Lifts=[1.562264150943396, 0.2971698113207547]
2	0	0	0	0
5	0	0	0	0
23	0	0	0	0
25	0	0	0	0
32	0	0	0	0
38	0	0	0	0
40	0	0	0	0
41	0	0	0	0
53	0	0	0	0
55	0	0	0	0
62	0	0	0	0
63	0	0	0	0
69	0	0	0	0
74	0	0	0	0
77	0	0	0	0
79	0	0	0	0
88	0	0	0	0
94	0	0	0	0
97	0	0	0	0
98	0	0	0	0
99	0	0	0	0
102	0	0	0	0
111	0	0	0	0
114	0	0	0	0
125	0	0	0	0
128	0	0	0	0
132	0	0	0	0
136	0	0	0	0
138	0	0	0	0
146	0	0	0	0
150	0	0	0	0
155	0	0	0	0
162	0	0	0	0
164	0	0	0	0
179	0	0	0	0
185	0	0	0	0
190	0	0	0	0
192	0	0	0	0
198	0	0	0	0
200	0	0	0	0
206	0	0	0	0
219	0	0	0	0
222	0	0	0	0
224	0	0	0	0
239	0	0	0	0
247	0	0	0	0
253	0	0	0	0
255	0	0	0	0
258	0	0	0	0
259	0	0	0	0
260	0	0	0	0
263	0	0	0	0
266	0	0	0	0


 I=[0,0,0,0] (4,59) Y=[fasting_blood_sugar,electrocardiographic_result,exercise_induced_angina,thal] X=[<too long>] pvalue=0.0025937006694557924 Lifts=[1.6169491525423727, 0.22881355932203393]
13	0	0	0	0
15	0	0	0	0
22	0	0	0	0
23	0	0	0	0
25	0	0	0	0
32	0	0	0	0
38	0	0	0	0
41	0	0	0	0
53	0	0	0	0
55	0	0	0	0
62	0	0	0	0
63	0	0	0	0
68	0	0	0	0
69	0	0	0	0
74	0	0	0	0
77	0	0	0	0
78	0	0	0	0
79	0	0	0	0
88	0	0	0	0
99	0	0	0	0
100	0	0	0	0
101	0	0	0	0
102	0	0	0	0
109	0	0	0	0
111	0	0	0	0
114	0	0	0	0
115	0	0	0	0
118	0	0	0	0
125	0	0	0	0
128	0	0	0	0
132	0	0	0	0
136	0	0	0	0
138	0	0	0	0
146	0	0	0	0
150	0	0	0	0
151	0	0	0	0
153	0	0	0	0
155	0	0	0	0
162	0	0	0	0
177	0	0	0	0
179	0	0	0	0
185	0	0	0	0
190	0	0	0	0
197	0	0	0	0
198	0	0	0	0
206	0	0	0	0
209	0	0	0	0
212	0	0	0	0
219	0	0	0	0
222	0	0	0	0
224	0	0	0	0
239	0	0	0	0
247	0	0	0	0
253	0	0	0	0
255	0	0	0	0
258	0	0	0	0
259	0	0	0	0
260	0	0	0	0
263	0	0	0	0


 I=[0,0,0,0] (4,44) Y=[sex,fasting_blood_sugar,exercise_induced_angina,major_vessels] X=[<too long>] pvalue=0.002701802079968126 Lifts=[1.7181818181818178, 0.10227272727272728]
1	0	0	0	0
15	0	0	0	0
25	0	0	0	0
27	0	0	0	0
32	0	0	0	0
41	0	0	0	0
54	0	0	0	0
63	0	0	0	0
73	0	0	0	0
77	0	0	0	0
78	0	0	0	0
88	0	0	0	0
91	0	0	0	0
98	0	0	0	0
99	0	0	0	0
100	0	0	0	0
102	0	0	0	0
109	0	0	0	0
112	0	0	0	0
115	0	0	0	0
118	0	0	0	0
123	0	0	0	0
127	0	0	0	0
138	0	0	0	0
151	0	0	0	0
152	0	0	0	0
154	0	0	0	0
155	0	0	0	0
166	0	0	0	0
173	0	0	0	0
183	0	0	0	0
188	0	0	0	0
195	0	0	0	0
196	0	0	0	0
197	0	0	0	0
212	0	0	0	0
215	0	0	0	0
216	0	0	0	0
224	0	0	0	0
236	0	0	0	0
242	0	0	0	0
247	0	0	0	0
260	0	0	0	0
267	0	0	0	0


 I=[1,3,0,1] (4,49) Y=[sex,chest_pain_type,fasting_blood_sugar,slope_ST] X=[<too long>] pvalue=0.002746585822435599 Lifts=[0.2571428571428571, 1.9285714285714286]
0	1	3	0	1
3	1	3	0	1
7	1	3	0	1
8	1	3	0	1
10	1	3	0	1
16	1	3	0	1
20	1	3	0	1
22	1	3	0	1
34	1	3	0	1
50	1	3	0	1
56	1	3	0	1
65	1	3	0	1
70	1	3	0	1
75	1	3	0	1
76	1	3	0	1
80	1	3	0	1
81	1	3	0	1
84	1	3	0	1
89	1	3	0	1
92	1	3	0	1
93	1	3	0	1
95	1	3	0	1
96	1	3	0	1
101	1	3	0	1
104	1	3	0	1
105	1	3	0	1
121	1	3	0	1
122	1	3	0	1
126	1	3	0	1
140	1	3	0	1
145	1	3	0	1
147	1	3	0	1
163	1	3	0	1
172	1	3	0	1
176	1	3	0	1
186	1	3	0	1
202	1	3	0	1
204	1	3	0	1
213	1	3	0	1
220	1	3	0	1
221	1	3	0	1
231	1	3	0	1
237	1	3	0	1
249	1	3	0	1
250	1	3	0	1
257	1	3	0	1
261	1	3	0	1
268	1	3	0	1
269	1	3	0	1


 I=[0,0,0,0] (4,46) Y=[fasting_blood_sugar,electrocardiographic_result,slope_ST,major_vessels] X=[<too long>] pvalue=0.00421706969451562 Lifts=[1.6043478260869566, 0.24456521739130435]
2	0	0	0	0
5	0	0	0	0
19	0	0	0	0
23	0	0	0	0
25	0	0	0	0
32	0	0	0	0
38	0	0	0	0
40	0	0	0	0
41	0	0	0	0
42	0	0	0	0
62	0	0	0	0
63	0	0	0	0
69	0	0	0	0
71	0	0	0	0
77	0	0	0	0
79	0	0	0	0
88	0	0	0	0
90	0	0	0	0
98	0	0	0	0
99	0	0	0	0
102	0	0	0	0
111	0	0	0	0
114	0	0	0	0
132	0	0	0	0
138	0	0	0	0
139	0	0	0	0
150	0	0	0	0
155	0	0	0	0
162	0	0	0	0
164	0	0	0	0
165	0	0	0	0
179	0	0	0	0
190	0	0	0	0
192	0	0	0	0
203	0	0	0	0
219	0	0	0	0
222	0	0	0	0
224	0	0	0	0
239	0	0	0	0
247	0	0	0	0
253	0	0	0	0
258	0	0	0	0
259	0	0	0	0
260	0	0	0	0
263	0	0	0	0
266	0	0	0	0


 I=[0,0,0,0] (4,52) Y=[fasting_blood_sugar,electrocardiographic_result,major_vessels,thal] X=[<too long>] pvalue=0.00488813028445368 Lifts=[1.5923076923076922, 0.25961538461538464]
15	0	0	0	0
22	0	0	0	0
23	0	0	0	0
25	0	0	0	0
32	0	0	0	0
38	0	0	0	0
41	0	0	0	0
42	0	0	0	0
58	0	0	0	0
62	0	0	0	0
63	0	0	0	0
69	0	0	0	0
71	0	0	0	0
77	0	0	0	0
78	0	0	0	0
79	0	0	0	0
88	0	0	0	0
90	0	0	0	0
99	0	0	0	0
100	0	0	0	0
101	0	0	0	0
102	0	0	0	0
106	0	0	0	0
109	0	0	0	0
111	0	0	0	0
114	0	0	0	0
115	0	0	0	0
118	0	0	0	0
132	0	0	0	0
138	0	0	0	0
150	0	0	0	0
151	0	0	0	0
155	0	0	0	0
161	0	0	0	0
162	0	0	0	0
165	0	0	0	0
177	0	0	0	0
179	0	0	0	0
190	0	0	0	0
197	0	0	0	0
209	0	0	0	0
212	0	0	0	0
219	0	0	0	0
222	0	0	0	0
224	0	0	0	0
239	0	0	0	0
247	0	0	0	0
253	0	0	0	0
258	0	0	0	0
259	0	0	0	0
260	0	0	0	0
263	0	0	0	0


 I=[1,0,0,0] (4,47) Y=[sex,exercise_induced_angina,slope_ST,major_vessels] X=[<too long>] pvalue=0.01 Lifts=[1.531914893617021, 0.3351063829787234]
2	1	0	0	0
5	1	0	0	0
12	1	0	0	0
23	1	0	0	0
31	1	0	0	0
37	1	0	0	0
38	1	0	0	0
39	1	0	0	0
40	1	0	0	0
43	1	0	0	0
45	1	0	0	0
51	1	0	0	0
62	1	0	0	0
69	1	0	0	0
72	1	0	0	0
79	1	0	0	0
86	1	0	0	0
111	1	0	0	0
114	1	0	0	0
116	1	0	0	0
132	1	0	0	0
134	1	0	0	0
141	1	0	0	0
150	1	0	0	0
157	1	0	0	0
162	1	0	0	0
164	1	0	0	0
174	1	0	0	0
179	1	0	0	0
182	1	0	0	0
190	1	0	0	0
192	1	0	0	0
214	1	0	0	0
219	1	0	0	0
222	1	0	0	0
232	1	0	0	0
238	1	0	0	0
239	1	0	0	0
241	1	0	0	0
251	1	0	0	0
253	1	0	0	0
254	1	0	0	0
258	1	0	0	0
259	1	0	0	0
263	1	0	0	0
265	1	0	0	0
266	1	0	0	0


 I=[0,0,0,0] (4,57) Y=[fasting_blood_sugar,electrocardiographic_result,exercise_induced_angina,major_vessels] X=[<too long>] pvalue=0.01 Lifts=[1.5473684210526315, 0.31578947368421056]
2	0	0	0	0
5	0	0	0	0
10	0	0	0	0
15	0	0	0	0
22	0	0	0	0
23	0	0	0	0
25	0	0	0	0
32	0	0	0	0
38	0	0	0	0
40	0	0	0	0
41	0	0	0	0
62	0	0	0	0
63	0	0	0	0
69	0	0	0	0
77	0	0	0	0
78	0	0	0	0
79	0	0	0	0
88	0	0	0	0
98	0	0	0	0
99	0	0	0	0
100	0	0	0	0
101	0	0	0	0
102	0	0	0	0
109	0	0	0	0
111	0	0	0	0
114	0	0	0	0
115	0	0	0	0
118	0	0	0	0
132	0	0	0	0
138	0	0	0	0
150	0	0	0	0
151	0	0	0	0
155	0	0	0	0
162	0	0	0	0
164	0	0	0	0
177	0	0	0	0
179	0	0	0	0
190	0	0	0	0
192	0	0	0	0
197	0	0	0	0
209	0	0	0	0
212	0	0	0	0
219	0	0	0	0
222	0	0	0	0
224	0	0	0	0
225	0	0	0	0
231	0	0	0	0
239	0	0	0	0
247	0	0	0	0
253	0	0	0	0
258	0	0	0	0
259	0	0	0	0
260	0	0	0	0
263	0	0	0	0
264	0	0	0	0
266	0	0	0	0
268	0	0	0	0


 I=[1,0,0,0] (4,44) Y=[sex,exercise_induced_angina,slope_ST,thal] X=[<too long>] pvalue=0.02 Lifts=[1.5136363636363634, 0.35795454545454547]
12	1	0	0	0
23	1	0	0	0
37	1	0	0	0
38	1	0	0	0
39	1	0	0	0
45	1	0	0	0
46	1	0	0	0
47	1	0	0	0
51	1	0	0	0
62	1	0	0	0
69	1	0	0	0
72	1	0	0	0
79	1	0	0	0
85	1	0	0	0
86	1	0	0	0
111	1	0	0	0
114	1	0	0	0
128	1	0	0	0
132	1	0	0	0
141	1	0	0	0
146	1	0	0	0
150	1	0	0	0
157	1	0	0	0
162	1	0	0	0
174	1	0	0	0
179	1	0	0	0
184	1	0	0	0
185	1	0	0	0
190	1	0	0	0
194	1	0	0	0
214	1	0	0	0
219	1	0	0	0
222	1	0	0	0
232	1	0	0	0
238	1	0	0	0
239	1	0	0	0
241	1	0	0	0
251	1	0	0	0
252	1	0	0	0
253	1	0	0	0
254	1	0	0	0
258	1	0	0	0
259	1	0	0	0
263	1	0	0	0


 I=[1,3,0,2] (4,49) Y=[sex,chest_pain_type,fasting_blood_sugar,electrocardiographic_result] X=[<too long>] pvalue=0.02 Lifts=[0.29387755102040813, 1.8826530612244898]
0	1	3	0	2
7	1	3	0	2
8	1	3	0	2
11	1	3	0	2
20	1	3	0	2
31	1	3	0	2
33	1	3	0	2
34	1	3	0	2
36	1	3	0	2
39	1	3	0	2
47	1	3	0	2
56	1	3	0	2
65	1	3	0	2
66	1	3	0	2
75	1	3	0	2
76	1	3	0	2
82	1	3	0	2
89	1	3	0	2
92	1	3	0	2
93	1	3	0	2
95	1	3	0	2
96	1	3	0	2
104	1	3	0	2
105	1	3	0	2
116	1	3	0	2
121	1	3	0	2
131	1	3	0	2
133	1	3	0	2
140	1	3	0	2
141	1	3	0	2
147	1	3	0	2
163	1	3	0	2
172	1	3	0	2
182	1	3	0	2
186	1	3	0	2
193	1	3	0	2
199	1	3	0	2
201	1	3	0	2
202	1	3	0	2
204	1	3	0	2
213	1	3	0	2
221	1	3	0	2
232	1	3	0	2
237	1	3	0	2
246	1	3	0	2
249	1	3	0	2
252	1	3	0	2
261	1	3	0	2
269	1	3	0	2


 I=[1,0,0,0] (4,43) Y=[resting_blood_pressure,fasting_blood_sugar,exercise_induced_angina,major_vessels] X=[<too long>] pvalue=0.02 Lifts=[1.5488372093023255, 0.3139534883720931]
2	1	0	0	0
5	1	0	0	0
21	1	0	0	0
25	1	0	0	0
27	1	0	0	0
32	1	0	0	0
38	1	0	0	0
39	1	0	0	0
41	1	0	0	0
54	1	0	0	0
62	1	0	0	0
78	1	0	0	0
79	1	0	0	0
83	1	0	0	0
88	1	0	0	0
91	1	0	0	0
96	1	0	0	0
99	1	0	0	0
101	1	0	0	0
102	1	0	0	0
105	1	0	0	0
114	1	0	0	0
116	1	0	0	0
151	1	0	0	0
154	1	0	0	0
157	1	0	0	0
158	1	0	0	0
162	1	0	0	0
173	1	0	0	0
179	1	0	0	0
209	1	0	0	0
212	1	0	0	0
214	1	0	0	0
215	1	0	0	0
218	1	0	0	0
219	1	0	0	0
239	1	0	0	0
242	1	0	0	0
251	1	0	0	0
260	1	0	0	0
262	1	0	0	0
263	1	0	0	0
266	1	0	0	0


 I=[1,0,2,1] (4,44) Y=[sex,fasting_blood_sugar,electrocardiographic_result,slope_ST] X=[<too long>] pvalue=0.06 Lifts=[0.3681818181818181, 1.7897727272727273]
0	1	0	2	1
7	1	0	2	1
8	1	0	2	1
18	1	0	2	1
20	1	0	2	1
21	1	0	2	1
28	1	0	2	1
30	1	0	2	1
34	1	0	2	1
56	1	0	2	1
59	1	0	2	1
65	1	0	2	1
75	1	0	2	1
76	1	0	2	1
83	1	0	2	1
89	1	0	2	1
92	1	0	2	1
93	1	0	2	1
95	1	0	2	1
96	1	0	2	1
104	1	0	2	1
105	1	0	2	1
121	1	0	2	1
140	1	0	2	1
147	1	0	2	1
158	1	0	2	1
163	1	0	2	1
171	1	0	2	1
172	1	0	2	1
186	1	0	2	1
202	1	0	2	1
204	1	0	2	1
207	1	0	2	1
210	1	0	2	1
213	1	0	2	1
218	1	0	2	1
221	1	0	2	1
229	1	0	2	1
237	1	0	2	1
248	1	0	2	1
249	1	0	2	1
261	1	0	2	1
262	1	0	2	1
269	1	0	2	1


 I=[1,0,0,0] (4,50) Y=[sex,fasting_blood_sugar,slope_ST,major_vessels] X=[<too long>] pvalue=0.16 Lifts=[1.44, 0.45000000000000007]
2	1	0	0	0
5	1	0	0	0
11	1	0	0	0
12	1	0	0	0
19	1	0	0	0
23	1	0	0	0
31	1	0	0	0
37	1	0	0	0
38	1	0	0	0
39	1	0	0	0
40	1	0	0	0
42	1	0	0	0
62	1	0	0	0
66	1	0	0	0
69	1	0	0	0
72	1	0	0	0
79	1	0	0	0
82	1	0	0	0
90	1	0	0	0
111	1	0	0	0
114	1	0	0	0
116	1	0	0	0
132	1	0	0	0
134	1	0	0	0
139	1	0	0	0
141	1	0	0	0
150	1	0	0	0
157	1	0	0	0
162	1	0	0	0
164	1	0	0	0
174	1	0	0	0
179	1	0	0	0
182	1	0	0	0
190	1	0	0	0
192	1	0	0	0
193	1	0	0	0
203	1	0	0	0
214	1	0	0	0
219	1	0	0	0
222	1	0	0	0
232	1	0	0	0
238	1	0	0	0
239	1	0	0	0
241	1	0	0	0
251	1	0	0	0
253	1	0	0	0
258	1	0	0	0
259	1	0	0	0
263	1	0	0	0
266	1	0	0	0


 I=[1,0,0,0] (4,46) Y=[sex,exercise_induced_angina,major_vessels,thal] X=[<too long>] pvalue=0.17 Lifts=[1.526086956521739, 0.3423913043478261]
12	1	0	0	0
21	1	0	0	0
22	1	0	0	0
23	1	0	0	0
37	1	0	0	0
38	1	0	0	0
39	1	0	0	0
45	1	0	0	0
51	1	0	0	0
62	1	0	0	0
69	1	0	0	0
72	1	0	0	0
79	1	0	0	0
83	1	0	0	0
86	1	0	0	0
96	1	0	0	0
101	1	0	0	0
111	1	0	0	0
114	1	0	0	0
132	1	0	0	0
141	1	0	0	0
150	1	0	0	0
157	1	0	0	0
162	1	0	0	0
167	1	0	0	0
174	1	0	0	0
177	1	0	0	0
179	1	0	0	0
190	1	0	0	0
209	1	0	0	0
211	1	0	0	0
214	1	0	0	0
219	1	0	0	0
222	1	0	0	0
232	1	0	0	0
238	1	0	0	0
239	1	0	0	0
241	1	0	0	0
248	1	0	0	0
251	1	0	0	0
253	1	0	0	0
254	1	0	0	0
258	1	0	0	0
259	1	0	0	0
262	1	0	0	0
263	1	0	0	0


 I=[1,0,0,0] (4,55) Y=[sex,fasting_blood_sugar,exercise_induced_angina,slope_ST] X=[<too long>] pvalue=0.2 Lifts=[1.2436363636363637, 0.6954545454545454]
2	1	0	0	0
5	1	0	0	0
12	1	0	0	0
23	1	0	0	0
31	1	0	0	0
37	1	0	0	0
38	1	0	0	0
39	1	0	0	0
40	1	0	0	0
46	1	0	0	0
47	1	0	0	0
62	1	0	0	0
69	1	0	0	0
72	1	0	0	0
79	1	0	0	0
85	1	0	0	0
94	1	0	0	0
97	1	0	0	0
111	1	0	0	0
114	1	0	0	0
116	1	0	0	0
128	1	0	0	0
132	1	0	0	0
134	1	0	0	0
141	1	0	0	0
144	1	0	0	0
146	1	0	0	0
148	1	0	0	0
150	1	0	0	0
157	1	0	0	0
162	1	0	0	0
164	1	0	0	0
174	1	0	0	0
179	1	0	0	0
182	1	0	0	0
185	1	0	0	0
190	1	0	0	0
192	1	0	0	0
200	1	0	0	0
201	1	0	0	0
214	1	0	0	0
219	1	0	0	0
222	1	0	0	0
232	1	0	0	0
238	1	0	0	0
239	1	0	0	0
241	1	0	0	0
246	1	0	0	0
251	1	0	0	0
252	1	0	0	0
253	1	0	0	0
258	1	0	0	0
259	1	0	0	0
263	1	0	0	0
266	1	0	0	0


 I=[0,2,0,0] (4,43) Y=[fasting_blood_sugar,electrocardiographic_result,major_vessels,thal] X=[<too long>] pvalue=0.21 Lifts=[1.5906976744186045, 0.2616279069767442]
12	0	2	0	0
18	0	2	0	0
21	0	2	0	0
26	0	2	0	0
27	0	2	0	0
37	0	2	0	0
39	0	2	0	0
54	0	2	0	0
66	0	2	0	0
72	0	2	0	0
76	0	2	0	0
83	0	2	0	0
91	0	2	0	0
96	0	2	0	0
112	0	2	0	0
123	0	2	0	0
127	0	2	0	0
135	0	2	0	0
141	0	2	0	0
149	0	2	0	0
152	0	2	0	0
154	0	2	0	0
157	0	2	0	0
166	0	2	0	0
168	0	2	0	0
173	0	2	0	0
174	0	2	0	0
183	0	2	0	0
188	0	2	0	0
195	0	2	0	0
196	0	2	0	0
214	0	2	0	0
215	0	2	0	0
216	0	2	0	0
232	0	2	0	0
236	0	2	0	0
238	0	2	0	0
241	0	2	0	0
242	0	2	0	0
248	0	2	0	0
251	0	2	0	0
262	0	2	0	0
267	0	2	0	0


 I=[1,0,0,0] (4,47) Y=[sex,fasting_blood_sugar,electrocardiographic_result,major_vessels] X=[<too long>] pvalue=0.32 Lifts=[1.225531914893617, 0.7180851063829787]
2	1	0	0	0
5	1	0	0	0
10	1	0	0	0
19	1	0	0	0
22	1	0	0	0
23	1	0	0	0
38	1	0	0	0
40	1	0	0	0
42	1	0	0	0
50	1	0	0	0
62	1	0	0	0
69	1	0	0	0
79	1	0	0	0
81	1	0	0	0
84	1	0	0	0
90	1	0	0	0
101	1	0	0	0
106	1	0	0	0
111	1	0	0	0
114	1	0	0	0
132	1	0	0	0
139	1	0	0	0
150	1	0	0	0
156	1	0	0	0
160	1	0	0	0
162	1	0	0	0
164	1	0	0	0
177	1	0	0	0
179	1	0	0	0
190	1	0	0	0
191	1	0	0	0
192	1	0	0	0
203	1	0	0	0
208	1	0	0	0
209	1	0	0	0
219	1	0	0	0
222	1	0	0	0
225	1	0	0	0
231	1	0	0	0
239	1	0	0	0
253	1	0	0	0
258	1	0	0	0
259	1	0	0	0
263	1	0	0	0
264	1	0	0	0
266	1	0	0	0
268	1	0	0	0


 I=[1,0,0,0] (4,44) Y=[sex,fasting_blood_sugar,slope_ST,thal] X=[<too long>] pvalue=0.34 Lifts=[1.4318181818181814, 0.46022727272727276]
12	1	0	0	0
23	1	0	0	0
37	1	0	0	0
38	1	0	0	0
39	1	0	0	0
42	1	0	0	0
46	1	0	0	0
47	1	0	0	0
62	1	0	0	0
66	1	0	0	0
69	1	0	0	0
72	1	0	0	0
79	1	0	0	0
85	1	0	0	0
90	1	0	0	0
111	1	0	0	0
114	1	0	0	0
128	1	0	0	0
131	1	0	0	0
132	1	0	0	0
141	1	0	0	0
143	1	0	0	0
146	1	0	0	0
150	1	0	0	0
157	1	0	0	0
162	1	0	0	0
174	1	0	0	0
179	1	0	0	0
185	1	0	0	0
190	1	0	0	0
199	1	0	0	0
214	1	0	0	0
219	1	0	0	0
222	1	0	0	0
232	1	0	0	0
238	1	0	0	0
239	1	0	0	0
241	1	0	0	0
251	1	0	0	0
252	1	0	0	0
253	1	0	0	0
258	1	0	0	0
259	1	0	0	0
263	1	0	0	0


 I=[0,2,0,0] (4,48) Y=[fasting_blood_sugar,electrocardiographic_result,exercise_induced_angina,major_vessels] X=[<too long>] pvalue=0.35 Lifts=[1.425, 0.46875]
1	0	2	0	0
12	0	2	0	0
21	0	2	0	0
27	0	2	0	0
31	0	2	0	0
37	0	2	0	0
39	0	2	0	0
54	0	2	0	0
72	0	2	0	0
83	0	2	0	0
87	0	2	0	0
89	0	2	0	0
91	0	2	0	0
96	0	2	0	0
105	0	2	0	0
112	0	2	0	0
116	0	2	0	0
123	0	2	0	0
127	0	2	0	0
134	0	2	0	0
141	0	2	0	0
152	0	2	0	0
154	0	2	0	0
157	0	2	0	0
158	0	2	0	0
166	0	2	0	0
173	0	2	0	0
174	0	2	0	0
182	0	2	0	0
183	0	2	0	0
188	0	2	0	0
195	0	2	0	0
196	0	2	0	0
210	0	2	0	0
214	0	2	0	0
215	0	2	0	0
216	0	2	0	0
218	0	2	0	0
229	0	2	0	0
232	0	2	0	0
236	0	2	0	0
238	0	2	0	0
241	0	2	0	0
242	0	2	0	0
248	0	2	0	0
251	0	2	0	0
262	0	2	0	0
267	0	2	0	0


 I=[0,2,0,0] (4,45) Y=[fasting_blood_sugar,electrocardiographic_result,exercise_induced_angina,thal] X=[<too long>] pvalue=0.39 Lifts=[1.4, 0.5]
0	0	2	0	0
12	0	2	0	0
14	0	2	0	0
21	0	2	0	0
27	0	2	0	0
37	0	2	0	0
39	0	2	0	0
46	0	2	0	0
47	0	2	0	0
54	0	2	0	0
72	0	2	0	0
83	0	2	0	0
85	0	2	0	0
91	0	2	0	0
96	0	2	0	0
112	0	2	0	0
123	0	2	0	0
124	0	2	0	0
127	0	2	0	0
141	0	2	0	0
152	0	2	0	0
154	0	2	0	0
157	0	2	0	0
166	0	2	0	0
173	0	2	0	0
174	0	2	0	0
183	0	2	0	0
188	0	2	0	0
195	0	2	0	0
196	0	2	0	0
214	0	2	0	0
215	0	2	0	0
216	0	2	0	0
232	0	2	0	0
236	0	2	0	0
238	0	2	0	0
241	0	2	0	0
242	0	2	0	0
243	0	2	0	0
244	0	2	0	0
248	0	2	0	0
251	0	2	0	0
252	0	2	0	0
262	0	2	0	0
267	0	2	0	0


 I=[1,0,0,0] (4,62) Y=[sex,fasting_blood_sugar,exercise_induced_angina,major_vessels] X=[<too long>] pvalue=0.46 Lifts=[1.335483870967742, 0.5806451612903226]
2	1	0	0	0
5	1	0	0	0
10	1	0	0	0
12	1	0	0	0
21	1	0	0	0
22	1	0	0	0
23	1	0	0	0
31	1	0	0	0
37	1	0	0	0
38	1	0	0	0
39	1	0	0	0
40	1	0	0	0
62	1	0	0	0
69	1	0	0	0
72	1	0	0	0
79	1	0	0	0
83	1	0	0	0
87	1	0	0	0
89	1	0	0	0
96	1	0	0	0
101	1	0	0	0
105	1	0	0	0
111	1	0	0	0
114	1	0	0	0
116	1	0	0	0
132	1	0	0	0
134	1	0	0	0
141	1	0	0	0
150	1	0	0	0
157	1	0	0	0
158	1	0	0	0
162	1	0	0	0
164	1	0	0	0
174	1	0	0	0
177	1	0	0	0
179	1	0	0	0
182	1	0	0	0
190	1	0	0	0
192	1	0	0	0
209	1	0	0	0
210	1	0	0	0
214	1	0	0	0
218	1	0	0	0
219	1	0	0	0
222	1	0	0	0
225	1	0	0	0
229	1	0	0	0
231	1	0	0	0
232	1	0	0	0
238	1	0	0	0
239	1	0	0	0
241	1	0	0	0
248	1	0	0	0
251	1	0	0	0
253	1	0	0	0
258	1	0	0	0
259	1	0	0	0
262	1	0	0	0
263	1	0	0	0
264	1	0	0	0
266	1	0	0	0
268	1	0	0	0


 I=[1,0,0,0] (4,46) Y=[sex,fasting_blood_sugar,major_vessels,thal] X=[<too long>] pvalue=0.8 Lifts=[1.526086956521739, 0.3423913043478261]
12	1	0	0	0
18	1	0	0	0
21	1	0	0	0
22	1	0	0	0
23	1	0	0	0
37	1	0	0	0
38	1	0	0	0
39	1	0	0	0
42	1	0	0	0
62	1	0	0	0
66	1	0	0	0
69	1	0	0	0
72	1	0	0	0
76	1	0	0	0
79	1	0	0	0
83	1	0	0	0
90	1	0	0	0
96	1	0	0	0
101	1	0	0	0
106	1	0	0	0
111	1	0	0	0
114	1	0	0	0
132	1	0	0	0
141	1	0	0	0
150	1	0	0	0
157	1	0	0	0
162	1	0	0	0
174	1	0	0	0
177	1	0	0	0
179	1	0	0	0
190	1	0	0	0
209	1	0	0	0
214	1	0	0	0
219	1	0	0	0
222	1	0	0	0
232	1	0	0	0
238	1	0	0	0
239	1	0	0	0
241	1	0	0	0
248	1	0	0	0
251	1	0	0	0
253	1	0	0	0
258	1	0	0	0
259	1	0	0	0
262	1	0	0	0
263	1	0	0	0


 I=[1,0,0,0] (4,50) Y=[sex,fasting_blood_sugar,exercise_induced_angina,thal] X=[<too long>] pvalue=0.89 Lifts=[1.332, 0.5850000000000001]
0	1	0	0	0
12	1	0	0	0
13	1	0	0	0
21	1	0	0	0
22	1	0	0	0
23	1	0	0	0
37	1	0	0	0
38	1	0	0	0
39	1	0	0	0
46	1	0	0	0
47	1	0	0	0
62	1	0	0	0
69	1	0	0	0
72	1	0	0	0
79	1	0	0	0
83	1	0	0	0
85	1	0	0	0
96	1	0	0	0
101	1	0	0	0
111	1	0	0	0
114	1	0	0	0
124	1	0	0	0
128	1	0	0	0
132	1	0	0	0
141	1	0	0	0
146	1	0	0	0
150	1	0	0	0
157	1	0	0	0
162	1	0	0	0
174	1	0	0	0
177	1	0	0	0
179	1	0	0	0
185	1	0	0	0
190	1	0	0	0
209	1	0	0	0
214	1	0	0	0
219	1	0	0	0
222	1	0	0	0
232	1	0	0	0
238	1	0	0	0
239	1	0	0	0
241	1	0	0	0
248	1	0	0	0
251	1	0	0	0
252	1	0	0	0
253	1	0	0	0
258	1	0	0	0
259	1	0	0	0
262	1	0	0	0
263	1	0	0	0


